1.204	-0.00038148	-0.00035096
1.2041	0.00050355	0.00050355
1.2043	0.00090028	0.00090028
1.2044	0.0013886	0.0013886
1.2045	0.0017548	0.0017548
1.2046	0.0017853	0.0017853
1.2048	0.0010834	0.0010529
1.2049	-0.00071717	-0.00068666
1.205	-0.0018463	-0.0018463
1.2051	-0.0019684	-0.0019684
1.2052	-4.5777e-05	-4.5777e-05
1.2054	0.0021515	0.002121
1.2055	0.0027619	0.0027924
1.2056	0.0016632	0.0016327
1.2057	-0.00062562	-0.00062562
1.2059	-0.0019074	-0.0018769
1.206	-0.0022431	-0.0022431
1.2061	-0.0019074	-0.0018769
1.2063	-0.0011444	-0.0011444
1.2064	-0.00053407	-0.00053407
1.2065	0.00083925	0.00083925
1.2066	0.0021515	0.0021515
1.2068	0.0025177	0.0025483
1.2069	0.0011749	0.0011749
1.207	-0.0014191	-0.0014496
1.2071	-0.0035859	-0.0035554
1.2072	-0.0037079	-0.0036774
1.2074	-0.0019989	-0.0019989
1.2075	1.5259e-05	4.5777e-05
1.2076	0.0013581	0.0013581
1.2077	0.0012055	0.0012055
1.2079	0.00047303	0.00047303
1.208	-0.00028992	-0.00032044
1.2081	-0.00050355	-0.00050355
1.2083	-0.0015412	-0.0015412
1.2084	-0.0031281	-0.0031281
1.2085	-0.0028534	-0.0028229
1.2086	-0.00062562	-0.00065614
1.2088	0.0030365	0.003006
1.2089	0.0053254	0.0052949
1.209	0.0035859	0.0036164
1.2091	0.00032044	0.00032044
1.2092	-0.0023346	-0.0023041
1.2094	-0.0025177	-0.0025177
1.2095	-0.00090028	-0.00090028
1.2096	0.00053407	0.00053407
1.2097	0.0002594	0.00022889
1.2099	0.00032044	0.00028992
1.21	0.0015106	0.0015106
1.2101	0.0031891	0.0031891
1.2103	0.0035248	0.0035248
1.2104	0.00019837	0.00019837
1.2105	-0.0040742	-0.0040436
1.2106	-0.0052949	-0.0052644
1.2108	-0.0017243	-0.0016938
1.2109	0.0057832	0.0057832
1.211	0.008896	0.008896
1.2111	0.0065461	0.0065156
1.2112	0.00035096	0.00035096
1.2114	-0.0048676	-0.0048371
1.2115	-0.0038911	-0.0038911
1.2116	-0.0016022	-0.0016022
1.2117	0.00074769	0.00074769
1.2119	0.00032044	0.00032044
1.212	-0.0014801	-0.0014801
1.2121	0.0002594	0.00028992
1.2123	0.0026398	0.0026093
1.2124	0.0030671	0.0030671
1.2125	-0.00050355	-0.00050355
1.2126	-0.0065156	-0.0065766
1.2128	-0.0091096	-0.0091096
1.2129	-0.0063935	-0.006424
1.213	-0.0017243	-0.0016938
1.2131	0.00016785	0.00013733
1.2132	-0.0045319	-0.0045319
1.2134	-0.011368	-0.011368
1.2135	-0.013443	-0.013443
1.2136	-0.0073396	-0.0073091
1.2137	0.013046	0.013077
1.2139	0.023758	0.023789
1.214	0.019699	0.019669
1.2141	0.0073091	0.0073091
1.2143	-0.013321	-0.013321
1.2144	-0.013748	-0.013748
1.2145	-0.0069123	-0.0069429
1.2146	-0.005539	-0.0055695
1.2148	0.0022736	0.0022431
1.2149	0.0022126	0.002182
1.215	0.0086824	0.0086519
1.2151	0.02092	0.020951
1.2152	0.019944	0.019913
1.2154	0.01149	0.01149
1.2155	-0.0045624	-0.0045624
1.2156	-0.016068	-0.016098
1.2157	-0.0083772	-0.0083467
1.2159	0.0067903	0.0067903
1.216	0.016342	0.016312
1.2161	0.011826	0.011856
1.2163	-0.0050813	-0.0050813
1.2164	-0.015488	-0.015427
1.2165	-0.011032	-0.011032
1.2166	0.0025788	0.0025788
1.2168	0.012222	0.012253
1.2169	0.0086824	0.0086824
1.217	-0.0010529	-0.0010529
1.2171	-0.0056916	-0.0056916
1.2172	-0.0066072	-0.0066072
1.2174	-0.0094453	-0.0094759
1.2175	-0.016556	-0.016587
1.2176	-0.031907	-0.031937
1.2177	-0.03801	-0.03798
1.2179	-0.031846	-0.031846
1.218	-0.0092927	-0.0092622
1.2181	0.04686	0.04683
1.2183	0.070085	0.070024
1.2184	0.049027	0.049027
1.2185	0.0012665	0.0012665
1.2186	-0.062486	-0.062486
1.2188	-0.057206	-0.057206
1.2189	-0.021195	-0.021195
1.219	0.0019684	0.0019684
1.2191	0.028092	0.028092
1.2192	0.021042	0.021042
1.2194	0.025406	0.025406
1.2195	0.046433	0.046464
1.2196	0.032456	0.032456
1.2197	-0.00035096	-0.00035096
1.2199	-0.048447	-0.048478
1.22	-0.072038	-0.072038
1.2201	-0.02742	-0.02739
1.2203	0.036027	0.036027
1.2204	0.073625	0.073625
1.2205	0.057267	0.057267
1.2206	-0.0081025	-0.0081025
1.2208	-0.047837	-0.047868
1.2209	-0.042985	-0.042985
1.221	-0.0082856	-0.0083162
1.2211	0.028122	0.028122
1.2212	0.026108	0.026139
1.2214	0.014298	0.014298
1.2215	0.010575	0.010575
1.2216	0.0098726	0.0098421
1.2217	0.0082551	0.0082551
1.2219	-0.0168	-0.0168
1.222	-0.04036	-0.04036
1.2221	-0.037095	-0.037064
1.2223	-0.0089876	-0.0089876
1.2224	0.034745	0.034714
1.2225	0.049699	0.049699
1.2226	0.022538	0.022507
1.2228	-0.022965	-0.022965
1.2229	-0.057877	-0.057877
1.223	-0.05568	-0.05568
1.2231	-0.028428	-0.028428
1.2232	-0.0066987	-0.0066987
1.2234	-0.0028229	-0.0028534
1.2235	-0.0072175	-0.0072175
1.2236	0.010636	0.010605
1.2237	0.047135	0.047135
1.2239	0.06099	0.061021
1.224	0.030472	0.030472
1.2241	-0.02858	-0.02858
1.2243	-0.066484	-0.066453
1.2244	-0.046616	-0.046647
1.2245	-0.005539	-0.005539
1.2246	0.022019	0.022049
1.2248	0.02742	0.027451
1.2249	0.014572	0.014542
1.225	0.017594	0.017594
1.2251	0.033158	0.033158
1.2253	0.026078	0.026078
1.2254	-0.0010834	-0.0010834
1.2255	-0.0374	-0.03743
1.2256	-0.039597	-0.039567
1.2257	0.0049592	0.0049592
1.2259	0.047837	0.047837
1.226	0.063462	0.063462
1.2261	0.026474	0.026444
1.2263	-0.027237	-0.027237
1.2264	-0.035508	-0.035508
1.2265	-0.01564	-0.01561
1.2266	0.022171	0.022171
1.2268	0.031418	0.031418
1.2269	-0.0023651	-0.0023651
1.227	-0.018418	-0.018418
1.2271	-0.01387	-0.01384
1.2273	0.0094453	0.0094759
1.2274	0.021469	0.0215
1.2275	-0.0093538	-0.0093538
1.2276	-0.044663	-0.044663
1.2277	-0.054856	-0.054826
1.2279	-0.029313	-0.029313
1.228	0.0050202	0.0050813
1.2281	0.0053254	0.0052949
1.2283	-0.03621	-0.03621
1.2284	-0.048997	-0.048997
1.2285	0.00080873	0.00080873
1.2286	0.053635	0.053666
1.2288	0.082109	0.082109
1.2289	0.029007	0.029038
1.229	-0.044297	-0.044327
1.2291	-0.050767	-0.050767
1.2293	-0.038407	-0.038407
1.2294	0.00041199	0.00041199
1.2295	0.025834	0.025803
1.2296	0.014542	0.014572
1.2297	0.030869	0.030869
1.2299	0.046586	0.046616
1.23	0.042741	0.042771
1.2301	0.012863	0.012894
1.2303	-0.043961	-0.043961
1.2304	-0.063706	-0.063737
1.2305	-0.027329	-0.027359
1.2306	0.029252	0.029252
1.2308	0.070237	0.070237
1.2309	0.055039	0.055039
1.231	0.01207	0.01207
1.2311	-0.01677	-0.01677
1.2313	-0.018997	-0.018997
1.2314	-0.001297	-0.001297
1.2315	0.0099641	0.0099947
1.2316	-0.0009308	-0.00090028
1.2317	-0.010727	-0.010697
1.2319	-0.00086976	-0.00086976
1.232	0.016739	0.01677
1.2321	0.02208	0.02208
1.2322	-0.0035248	-0.0034943
1.2324	-0.036088	-0.036057
1.2325	-0.042771	-0.042771
1.2326	-0.025498	-0.025498
1.2328	0.0034028	0.0034333
1.2329	0.0098726	0.0098726
1.233	-0.018784	-0.018814
1.2331	-0.059251	-0.05922
1.2333	-0.089616	-0.089616
1.2334	-0.065415	-0.065446
1.2335	0.02974	0.029679
1.2336	0.10301	0.10301
1.2337	0.11632	0.11635
1.2339	0.054307	0.054307
1.234	-0.044114	-0.044144
1.2341	-0.071794	-0.071794
1.2342	-0.058274	-0.058274
1.2344	-0.031754	-0.031754
1.2345	0.006363	0.0063325
1.2346	0.017899	0.017929
1.2348	0.044663	0.044663
1.2349	0.074571	0.07454
1.235	0.068772	0.068772
1.2351	0.026963	0.026993
1.2353	-0.050523	-0.050523
1.2354	-0.094804	-0.094774
1.2355	-0.062303	-0.062242
1.2356	0.024491	0.024521
1.2357	0.10585	0.10585
1.2359	0.10103	0.101
1.236	0.040055	0.040055
1.2361	-0.033127	-0.033127
1.2362	-0.063981	-0.063981
1.2364	-0.030014	-0.030014
1.2365	0.001297	0.001297
1.2366	0.016617	0.016587
1.2368	0.012985	0.012955
1.2369	0.006363	0.006363
1.237	0.01619	0.01619
1.2371	0.014389	0.014389
1.2373	-0.010239	-0.010239
1.2374	-0.045487	-0.045487
1.2375	-0.060258	-0.060258
1.2376	-0.032547	-0.032517
1.2377	0.006424	0.006424
1.2379	0.014847	0.014847
1.238	-0.0168	-0.01677
1.2381	-0.077287	-0.077256
1.2382	-0.091417	-0.091447
1.2384	-0.0037385	-0.0037385
1.2385	0.078447	0.078447
1.2386	0.11516	0.11519
1.2388	0.070298	0.070298
1.2389	-0.036942	-0.036942
1.239	-0.061143	-0.061143
1.2391	-0.055009	-0.055039
1.2393	-0.038804	-0.038865
1.2394	0.0025788	0.0025788
1.2395	0.0014191	0.0014496
1.2396	0.038621	0.038621
1.2397	0.087907	0.087877
1.2399	0.084703	0.084703
1.24	0.044022	0.044022
1.2401	-0.048234	-0.048203
1.2402	-0.10848	-0.10848
1.2404	-0.073594	-0.073594
1.2405	0.0020294	0.0020294
1.2406	0.078508	0.078508
1.2408	0.095476	0.095476
1.2409	0.044388	0.044388
1.241	0.009781	0.009781
1.2411	-0.014847	-0.014817
1.2413	-0.021103	-0.021103
1.2414	-0.014267	-0.014298
1.2415	-0.02153	-0.021561
1.2416	-0.0065766	-0.0066072
1.2417	0.024857	0.024857
1.2419	0.041306	0.041306
1.242	0.035386	0.035355
1.2421	-0.0095369	-0.0095064
1.2422	-0.058762	-0.058762
1.2424	-0.063645	-0.063645
1.2425	-0.039078	-0.039078
1.2426	0.0061494	0.0061799
1.2428	0.024918	0.024918
1.2429	-0.014664	-0.014664
1.243	-0.07219	-0.07219
1.2431	-0.12026	-0.12026
1.2433	-0.045884	-0.045853
1.2434	0.072923	0.072892
1.2435	0.12337	0.12334
1.2436	0.10826	0.10826
1.2437	-0.010391	-0.010391
1.2439	-0.071214	-0.071214
1.244	-0.052567	-0.052567
1.2441	-0.048203	-0.048203
1.2442	-0.0074617	-0.0074922
1.2444	0.00068666	0.00068666
1.2445	0.013321	0.013352
1.2446	0.077501	0.077501
1.2448	0.093828	0.093858
1.2449	0.061021	0.061051
1.245	-0.015885	-0.015885
1.2451	-0.10198	-0.10198
1.2453	-0.08867	-0.08867
1.2454	-0.010178	-0.010239
1.2455	0.060746	0.060746
1.2456	0.10231	0.10234
1.2457	0.061234	0.061265
1.2459	0.010117	0.010147
1.246	-0.011368	-0.011398
1.2461	-0.025498	-0.025528
1.2462	-0.0068208	-0.0068513
1.2464	-0.0056001	-0.0056306
1.2465	-0.022507	-0.022538
1.2466	0.0021515	0.0021515
1.2468	0.024002	0.023972
1.2469	0.032364	0.032364
1.247	0.019608	0.019638
1.2471	-0.037156	-0.037217
1.2473	-0.065721	-0.06569
1.2474	-0.06154	-0.06154
1.2475	-0.026566	-0.026566
1.2476	0.017288	0.017288
1.2477	0.00077821	0.00077821
1.2479	-0.06099	-0.06096
1.248	-0.10826	-0.10829
1.2481	-0.03447	-0.03447
1.2482	0.07628	0.07628
1.2484	0.13408	0.13408
1.2485	0.09749	0.09752
1.2486	-0.036118	-0.036149
1.2488	-0.084001	-0.084062
1.2489	-0.068467	-0.068467
1.249	-0.035813	-0.035813
1.2491	0.022354	0.022354
1.2493	0.014847	0.014817
1.2494	0.024155	0.024155
1.2495	0.067033	0.067033
1.2496	0.080186	0.080186
1.2497	0.05977	0.0598
1.2499	-0.016953	-0.016953
1.25	-0.091142	-0.091112
1.2501	-0.083513	-0.083482
1.2502	-0.021042	-0.021042
1.2504	0.055406	0.055406
1.2505	0.092851	0.092851
1.2506	0.058061	0.058061
1.2508	0.021042	0.021042
1.2509	-0.0031586	-0.0031586
1.251	-0.019272	-0.019272
1.2511	-0.01146	-0.011429
1.2513	-0.021195	-0.021164
1.2514	-0.024338	-0.024308
1.2515	0.012558	0.012558
1.2516	0.029587	0.029587
1.2517	0.035416	0.035416
1.2519	0.016007	0.016007
1.252	-0.042588	-0.042588
1.2521	-0.06276	-0.06276
1.2522	-0.058305	-0.058305
1.2524	-0.023148	-0.023148
1.2525	0.010147	0.010178
1.2526	-0.013931	-0.013931
1.2528	-0.071397	-0.071427
1.2529	-0.10088	-0.10088
1.253	-0.0096284	-0.0096284
1.2531	0.085985	0.085985
1.2533	0.1249	0.12493
1.2534	0.069963	0.069993
1.2535	-0.052384	-0.052384
1.2536	-0.068193	-0.068223
1.2537	-0.047532	-0.047562
1.2539	-0.023453	-0.023484
1.254	0.014664	0.014664
1.2541	-0.00068666	-0.00065614
1.2542	0.026291	0.026291
1.2544	0.078477	0.078508
1.2545	0.082444	0.082414
1.2546	0.039658	0.039658
1.2548	-0.039445	-0.039475
1.2549	-0.089799	-0.089799
1.255	-0.051072	-0.051041
1.2551	0.016251	0.016251
1.2553	0.070481	0.070481
1.2554	0.067491	0.067521
1.2555	0.026871	0.026841
1.2556	0.011948	0.011978
1.2557	-0.00044251	-0.00041199
1.2559	0.006302	0.0063325
1.256	-0.0031586	-0.0031586
1.2561	-0.030259	-0.030259
1.2562	-0.01799	-0.01796
1.2564	0.010239	0.010269
1.2565	0.035264	0.035233
1.2566	0.032944	0.032975
1.2568	-0.015366	-0.015366
1.2569	-0.061479	-0.061479
1.257	-0.067185	-0.067185
1.2571	-0.040787	-0.040818
1.2573	0.0069734	0.0069734
1.2574	0.0075532	0.0075532
1.2575	-0.035019	-0.035019
1.2576	-0.099992	-0.10002
1.2577	-0.068437	-0.068406
1.2579	0.047471	0.047501
1.258	0.099351	0.099351
1.2581	0.10253	0.10256
1.2582	0.00028992	0.00032044
1.2584	-0.072129	-0.07216
1.2585	-0.030442	-0.030442
1.2586	-0.028763	-0.028733
1.2588	-0.0092012	-0.0091707
1.2589	-0.00056458	-0.00056458
1.259	-0.015244	-0.015274
1.2591	0.056382	0.056382
1.2593	0.10341	0.10338
1.2594	0.063096	0.063066
1.2595	-0.00074769	-0.00074769
1.2596	-0.078141	-0.078172
1.2597	-0.076799	-0.076799
1.2599	0.010178	0.010208
1.26	0.053208	0.053208
1.2601	0.065782	0.065782
1.2602	0.029496	0.029526
1.2604	-0.011307	-0.011307
1.2605	0.010269	0.0103
1.2606	0.019547	0.019547
1.2608	0.011032	0.011032
1.2609	-0.015457	-0.015488
1.261	-0.048997	-0.048997
1.2611	-0.013718	-0.013687
1.2613	0.040116	0.040116
1.2614	0.047288	0.047288
1.2615	0.016648	0.016648
1.2616	-0.051469	-0.051469
1.2617	-0.082963	-0.082963
1.2619	-0.054307	-0.054337
1.262	-0.010422	-0.010422
1.2621	0.018112	0.018082
1.2622	-0.010025	-0.010025
1.2624	-0.077745	-0.077745
1.2625	-0.095964	-0.095964
1.2626	0.00972	0.00972
1.2628	0.08986	0.08986
1.2629	0.10488	0.10488
1.263	0.04625	0.046281
1.2631	-0.063066	-0.063066
1.2633	-0.041367	-0.041398
1.2634	-0.0065766	-0.0065461
1.2635	-0.023178	-0.023178
1.2636	-0.010513	-0.010513
1.2637	-0.035935	-0.035904
1.2639	0.0090181	0.0089876
1.264	0.11583	0.1158
1.2641	0.11058	0.11061
1.2642	0.038804	0.038804
1.2644	-0.059312	-0.059312
1.2645	-0.11839	-0.11843
1.2646	-0.033433	-0.033494
1.2648	0.056626	0.056657
1.2649	0.080125	0.080125
1.265	0.057511	0.057481
1.2651	-0.012955	-0.012924
1.2653	-0.020554	-0.020554
1.2654	0.018784	0.018753
1.2655	0.030472	0.030442
1.2656	0.017807	0.017807
1.2657	-0.036637	-0.036606
1.2659	-0.060349	-0.06038
1.266	0.00099184	0.00099184
1.2661	0.05211	0.05214
1.2662	0.048569	0.048569
1.2664	-0.0034943	-0.0034943
1.2665	-0.08043	-0.08043
1.2666	-0.083726	-0.083757
1.2668	-0.034745	-0.034745
1.2669	0.0038911	0.0038911
1.267	0.0066072	0.0066377
1.2671	-0.051133	-0.051133
1.2673	-0.10521	-0.10521
1.2674	-0.02034	-0.02034
1.2675	0.087846	0.087816
1.2676	0.10915	0.10912
1.2677	0.071305	0.071305
1.2679	-0.058183	-0.058183
1.268	-0.074846	-0.074876
1.2681	0.0044404	0.0044099
1.2682	-0.0036469	-0.0036774
1.2684	0.00022889	0.00022889
1.2685	-0.031968	-0.031937
1.2686	-0.037217	-0.037217
1.2688	0.082017	0.082017
1.2689	0.12709	0.12712
1.269	0.074357	0.074418
1.2691	-0.022293	-0.022293
1.2693	-0.12184	-0.12184
1.2694	-0.069322	-0.069352
1.2695	0.045029	0.045029
1.2696	0.094255	0.094285
1.2697	0.077409	0.077409
1.2699	-0.019059	-0.019089
1.27	-0.053819	-0.053819
1.2701	-0.004654	-0.004654
1.2702	0.048447	0.048447
1.2704	0.063554	0.063554
1.2705	-0.01445	-0.01445
1.2706	-0.086778	-0.086778
1.2708	-0.053666	-0.053635
1.2709	0.028763	0.028733
1.271	0.077806	0.077775
1.2711	0.033738	0.033738
1.2713	-0.060624	-0.060655
1.2714	-0.09633	-0.09633
1.2715	-0.057786	-0.057816
1.2716	0.0016327	0.0016327
1.2717	0.017075	0.017075
1.2719	-0.040848	-0.040879
1.272	-0.109	-0.109
1.2721	-0.040208	-0.040208
1.2722	0.090227	0.090196
1.2724	0.12746	0.12746
1.2725	0.08629	0.086259
1.2726	-0.058579	-0.058549
1.2728	-0.10842	-0.10838
1.2729	-0.0048676	-0.0048676
1.273	0.014939	0.014939
1.2731	0.020645	0.020645
1.2733	-0.017685	-0.017685
1.2734	-0.061997	-0.061997
1.2735	0.050553	0.050523
1.2736	0.12343	0.12343
1.2737	0.093858	0.093858
1.2739	0.0072175	0.0072175
1.274	-0.1111	-0.1111
1.2741	-0.087266	-0.087236
1.2742	0.028885	0.028855
1.2744	0.10094	0.10094
1.2745	0.088731	0.088731
1.2746	-0.019272	-0.019272
1.2748	-0.066575	-0.066575
1.2749	-0.023423	-0.023423
1.275	0.046464	0.046464
1.2751	0.079698	0.079698
1.2753	-0.0041047	-0.0041047
1.2754	-0.07805	-0.07805
1.2755	-0.054978	-0.055009
1.2756	0.018418	0.018418
1.2757	0.076524	0.076524
1.2759	0.021592	0.021561
1.276	-0.086015	-0.086015
1.2761	-0.10961	-0.10964
1.2762	-0.054337	-0.054368
1.2764	0.02446	0.02443
1.2765	0.043595	0.043626
1.2766	-0.044846	-0.044846
1.2768	-0.12178	-0.12181
1.2769	-0.042679	-0.042679
1.277	0.084092	0.084092
1.2771	0.1447	0.1447
1.2773	0.083696	0.083696
1.2774	-0.078538	-0.078569
1.2775	-0.10457	-0.10457
1.2776	-0.0081331	-0.0081331
1.2777	0.040452	0.040482
1.2779	0.043137	0.043107
1.278	-0.027939	-0.027909
1.2781	-0.061845	-0.061845
1.2782	0.047013	0.047013
1.2784	0.12529	0.12529
1.2785	0.092332	0.092332
1.2786	-0.016342	-0.016373
1.2788	-0.12538	-0.12538
1.2789	-0.078965	-0.078996
1.279	0.064256	0.064225
1.2791	0.14675	0.14675
1.2793	0.084001	0.08397
1.2794	-0.057816	-0.057816
1.2795	-0.10536	-0.10536
1.2796	-0.026627	-0.026627
1.2797	0.082994	0.082994
1.2799	0.083146	0.083146
1.28	-0.026474	-0.026505
1.2801	-0.08687	-0.08687
1.2802	-0.038804	-0.038834
1.2804	0.05214	0.052171
1.2805	0.083848	0.083879
1.2806	-0.015854	-0.015854
1.2808	-0.13835	-0.13835
1.2809	-0.13793	-0.13793
1.281	-0.039628	-0.039689
1.2811	0.060777	0.060807
1.2813	0.056687	0.056718
1.2814	-0.06685	-0.06685
1.2815	-0.10747	-0.10747
1.2816	0.012863	0.012863
1.2817	0.10594	0.10597
1.2819	0.12953	0.12953
1.282	0.016403	0.016434
1.2821	-0.12285	-0.12282
1.2822	-0.055161	-0.055161
1.2824	0.011856	0.011856
1.2825	0.03859	0.038621
1.2826	0.03859	0.038621
1.2828	-0.056138	-0.056107
1.2829	-0.011795	-0.011826
1.283	0.10497	0.10497
1.2831	0.11141	0.11141
1.2833	0.050065	0.050034
1.2834	-0.085649	-0.085649
1.2835	-0.14058	-0.14058
1.2836	-0.018967	-0.018967
1.2837	0.1014	0.1014
1.2839	0.14458	0.14461
1.284	0.058976	0.058976
1.2841	-0.069993	-0.069993
1.2842	-0.074174	-0.074205
1.2844	0.0014801	0.0014801
1.2845	0.065568	0.065599
1.2846	0.037705	0.037736
1.2848	-0.062119	-0.062119
1.2849	-0.074052	-0.074022
1.285	0.012528	0.012528
1.2851	0.075853	0.075822
1.2853	0.061662	0.061631
1.2854	-0.057664	-0.057664
1.2855	-0.15724	-0.15724
1.2856	-0.11284	-0.11284
1.2857	-0.013138	-0.013107
1.2859	0.052689	0.052659
1.286	0.02211	0.02208
1.2861	-0.084764	-0.084733
1.2862	-0.040391	-0.040391
1.2864	0.081285	0.081285
1.2865	0.11031	0.11031
1.2866	0.079332	0.079301
1.2868	-0.075853	-0.075853
1.2869	-0.12428	-0.12428
1.287	0.004654	0.004654
1.2871	0.031937	0.031907
1.2873	0.04387	0.04387
1.2874	0.00077821	0.00077821
1.2875	-0.073136	-0.073106
1.2876	0.041428	0.041428
1.2878	0.12102	0.12105
1.2879	0.076616	0.076616
1.288	-0.0025483	-0.0025483
1.2881	-0.11836	-0.11836
1.2882	-0.088121	-0.08809
1.2884	0.046128	0.046098
1.2885	0.10784	0.1078
1.2886	0.092058	0.092088
1.2888	-0.0085908	-0.0085908
1.2889	-0.059556	-0.059525
1.289	-0.0016022	-0.0016327
1.2891	0.053025	0.053025
1.2893	0.046281	0.046281
1.2894	-0.045609	-0.04564
1.2895	-0.10072	-0.10072
1.2896	-0.025284	-0.025284
1.2898	0.066789	0.066758
1.2899	0.087388	0.087388
1.29	0.010117	0.010117
1.2901	-0.11403	-0.11403
1.2902	-0.13851	-0.13851
1.2904	-0.063951	-0.063981
1.2905	0.0048066	0.0048676
1.2906	0.013077	0.013077
1.2908	-0.05452	-0.05452
1.2909	-0.060624	-0.060624
1.291	0.074784	0.074815
1.2911	0.14165	0.14162
1.2913	0.10533	0.10536
1.2914	-0.021103	-0.021073
1.2915	-0.15828	-0.15831
1.2916	-0.06627	-0.06627
1.2918	0.040269	0.040208
1.2919	0.041215	0.041245
1.292	0.04271	0.04271
1.2921	-0.031327	-0.031357
1.2922	-0.014298	-0.014267
1.2924	0.10088	0.10091
1.2925	0.081956	0.081956
1.2926	-0.0040436	-0.0040436
1.2928	-0.077684	-0.077684
1.2929	-0.095079	-0.095079
1.293	0.033402	0.033371
1.2931	0.11861	0.11864
1.2933	0.071916	0.071916
1.2934	-0.010788	-0.010788
1.2935	-0.068833	-0.068833
1.2936	-0.0057832	-0.0058137
1.2938	0.093248	0.093278
1.2939	0.082567	0.082567
1.294	-0.019791	-0.01973
1.2941	-0.12303	-0.12306
1.2942	-0.091814	-0.091814
1.2944	0.043595	0.043595
1.2945	0.093614	0.093645
1.2946	0.03624	0.036271
1.2948	-0.077165	-0.077165
1.2949	-0.14281	-0.14278
1.295	-0.069383	-0.069383
1.2951	0.0077363	0.0077363
1.2953	0.0052338	0.0052644
1.2954	-0.064225	-0.064256
1.2955	-0.10375	-0.10372
1.2956	0.038437	0.038437
1.2958	0.16579	0.16579
1.2959	0.13829	0.13829
1.296	0.021805	0.021805
1.2961	-0.14528	-0.14525
1.2962	-0.1155	-0.1155
1.2964	0.030076	0.030076
1.2965	0.044846	0.044846
1.2966	0.03209	0.032059
1.2967	-0.015885	-0.015915
1.2969	-0.015274	-0.015213
1.297	0.099748	0.099748
1.2971	0.10918	0.10918
1.2973	-0.0088655	-0.008896
1.2974	-0.10597	-0.10597
1.2975	-0.10991	-0.10991
1.2976	0.024125	0.024125
1.2978	0.1555	0.15547
1.2979	0.11537	0.11537
1.298	-0.01738	-0.01738
1.2981	-0.11186	-0.11186
1.2982	-0.058488	-0.058488
1.2984	0.080247	0.080247
1.2985	0.12706	0.12703
1.2986	0.047562	0.047562
1.2987	-0.10106	-0.10112
1.2989	-0.12721	-0.12718
1.299	-0.0031586	-0.0031281
1.2991	0.081773	0.081773
1.2993	0.060899	0.060929
1.2994	-0.051957	-0.051926
1.2995	-0.14702	-0.14702
1.2996	-0.098314	-0.098283
1.2998	0.0070039	0.0070039
1.2999	0.039597	0.039597
1.3	-0.027237	-0.027207
1.3001	-0.11717	-0.11714
1.3002	-0.029221	-0.029221
1.3004	0.13793	0.13796
1.3005	0.15926	0.15923
1.3006	0.064378	0.064378
1.3007	-0.1014	-0.10143
1.3009	-0.13307	-0.13307
1.301	-0.0062715	-0.0062715
1.3011	0.027268	0.027268
1.3013	0.014939	0.014939
1.3014	0.0022736	0.0022431
1.3015	0.0059968	0.0059663
1.3016	0.1032	0.1032
1.3018	0.13106	0.13103
1.3019	-0.0057221	-0.0056916
1.302	-0.13271	-0.13271
1.3021	-0.14235	-0.14238
1.3022	-0.013321	-0.013321
1.3024	0.16158	0.16155
1.3025	0.16075	0.16078
1.3026	0.031937	0.031937
1.3027	-0.089555	-0.089586
1.3029	-0.10307	-0.10307
1.303	0.014694	0.014694
1.3031	0.085771	0.085771
1.3033	0.074632	0.074632
1.3034	-0.010697	-0.010727
1.3035	-0.082689	-0.082719
1.3036	-0.019425	-0.019455
1.3038	0.038468	0.038499
1.3039	0.024796	0.024796
1.304	-0.032914	-0.032883
1.3041	-0.11714	-0.11714
1.3042	-0.11156	-0.11159
1.3044	-0.019974	-0.020005
1.3045	0.024521	0.024521
1.3046	-0.002884	-0.0028534
1.3047	-0.062516	-0.062516
1.3049	-0.019577	-0.019608
1.305	0.090898	0.090898
1.3051	0.11077	0.11077
1.3053	0.047776	0.047807
1.3054	-0.064439	-0.064439
1.3055	-0.074022	-0.074052
1.3056	-0.00065614	-0.00068666
1.3058	-0.0059968	-0.0059968
1.3059	-0.024857	-0.024826
1.306	-0.015732	-0.015732
1.3061	0.041672	0.041642
1.3062	0.13533	0.13536
1.3064	0.1288	0.12877
1.3065	-0.0076143	-0.0076448
1.3066	-0.13503	-0.13506
1.3067	-0.14363	-0.14363
1.3069	-0.01857	-0.01857
1.307	0.12081	0.12078
1.3071	0.13356	0.13356
1.3073	0.068772	0.068803
1.3074	-0.015915	-0.015885
1.3075	-0.047929	-0.047959
1.3076	-0.016068	-0.016068
1.3078	-0.008835	-0.0088045
1.3079	0.013474	0.013504
1.308	0.016037	0.016007
1.3081	-0.0051118	-0.0051118
1.3082	0.026444	0.026444
1.3084	0.025803	0.025803
1.3085	-0.014298	-0.014298
1.3086	-0.054612	-0.054582
1.3087	-0.11052	-0.11055
1.3089	-0.10747	-0.1075
1.309	-0.043442	-0.043412
1.3091	-0.0010529	-0.0010834
1.3093	-0.0035248	-0.0035554
1.3094	-0.027268	-0.027237
1.3095	0.025895	0.025895
1.3096	0.090623	0.090623
1.3098	0.069352	0.069352
1.3099	0.0064851	0.0065156
1.31	-0.066789	-0.066758
1.3101	-0.029404	-0.029404
1.3102	0.038712	0.038682
1.3104	-0.0091402	-0.0091402
1.3105	-0.054795	-0.054795
1.3106	-0.037613	-0.037583
1.3107	0.038254	0.038254
1.3109	0.1443	0.14434
1.311	0.12999	0.12999
1.3111	-0.011337	-0.011337
1.3113	-0.10469	-0.10469
1.3114	-0.10857	-0.10857
1.3115	-0.027359	-0.027359
1.3116	0.070268	0.070268
1.3118	0.073777	0.073777
1.3119	0.055924	0.055955
1.312	0.042954	0.042985
1.3121	0.019852	0.019883
1.3122	0.0009308	0.00090028
1.3124	-0.033524	-0.033524
1.3125	-0.041428	-0.041428
1.3126	-0.015091	-0.015091
1.3127	0.00096132	0.00096132
1.3129	0.036606	0.036606
1.313	0.051225	0.051225
1.3131	0.0041962	0.0041657
1.3133	-0.051347	-0.051316
1.3134	-0.11699	-0.11702
1.3135	-0.12035	-0.12035
1.3136	-0.063401	-0.063401
1.3138	-0.024765	-0.024735
1.3139	-0.0103	-0.010269
1.314	0.004715	0.004715
1.3141	0.084916	0.084886
1.3142	0.10842	0.10842
1.3144	0.041886	0.041886
1.3145	-0.031235	-0.031266
1.3146	-0.08098	-0.080949
1.3147	-0.011215	-0.011215
1.3149	0.047776	0.047776
1.315	-0.01384	-0.01387
1.3151	-0.046036	-0.046067
1.3153	-0.010086	-0.010086
1.3154	0.05507	0.0551
1.3155	0.12343	0.12346
1.3156	0.076646	0.076646
1.3158	-0.030655	-0.030625
1.3159	-0.054612	-0.054582
1.316	-0.049393	-0.049363
1.3161	-0.015396	-0.015396
1.3162	0.013535	0.013535
1.3164	0.0089265	0.0089265
1.3165	0.049363	0.049363
1.3166	0.069261	0.06923
1.3167	0.045762	0.045762
1.3169	0.0070649	0.0070344
1.317	-0.035691	-0.035691
1.3171	-0.025315	-0.025345
1.3173	-0.013901	-0.01387
1.3174	-0.031052	-0.031083
1.3175	0.002121	0.0021515
1.3176	0.036332	0.036332
1.3178	0.026139	0.026139
1.3179	-0.014878	-0.014847
1.318	-0.097215	-0.097246
1.3181	-0.11357	-0.11357
1.3182	-0.078752	-0.078752
1.3184	-0.060624	-0.060624
1.3185	-0.033799	-0.033799
1.3186	0.038437	0.038437
1.3187	0.13152	0.13152
1.3189	0.11156	0.11159
1.319	0.01912	0.019089
1.3191	-0.064164	-0.064164
1.3193	-0.067979	-0.067948
1.3194	0.0085603	0.0085603
1.3195	0.0064546	0.0064546
1.3196	-0.040665	-0.040665
1.3198	-0.021561	-0.02153
1.3199	0.049699	0.049668
1.32	0.10088	0.10088
1.3201	0.083177	0.083177
1.3202	-0.0089876	-0.0089876
1.3204	-0.058061	-0.058061
1.3205	-0.0046845	-0.004654
1.3206	0.018265	0.018265
1.3207	0.001297	0.001297
1.3209	-0.025406	-0.025406
1.321	-0.015885	-0.015885
1.3211	0.056199	0.056168
1.3213	0.077745	0.077745
1.3214	0.033005	0.033005
1.3215	-0.0073091	-0.0073091
1.3216	-0.020066	-0.020096
1.3218	0.00074769	0.00074769
1.3219	-0.0032197	-0.0032197
1.322	-0.03328	-0.03328
1.3221	-0.0023346	-0.0023346
1.3222	0.022263	0.022293
1.3224	-0.0034028	-0.0034028
1.3225	-0.043107	-0.043107
1.3226	-0.082353	-0.082353
1.3227	-0.073045	-0.073075
1.3229	-0.059312	-0.059342
1.323	-0.087968	-0.087938
1.3231	-0.061814	-0.061814
1.3233	0.076616	0.076616
1.3234	0.1538	0.15383
1.3235	0.092943	0.092973
1.3236	-0.0070039	-0.0070344
1.3238	-0.075364	-0.075364
1.3239	-0.025559	-0.025528
1.324	0.015	0.015
1.3241	-0.054246	-0.054246
1.3242	-0.068223	-0.068223
1.3244	0.015366	0.015335
1.3245	0.11107	0.11104
1.3246	0.13393	0.13393
1.3247	0.037675	0.037675
1.3249	-0.073228	-0.073167
1.325	-0.057664	-0.057664
1.3251	0.016739	0.016739
1.3253	0.029587	0.029618
1.3254	0.00038148	0.00035096
1.3255	-0.01912	-0.019089
1.3256	0.02034	0.02034
1.3258	0.059129	0.059129
1.3259	0.034836	0.034836
1.326	0.0099031	0.0099031
1.3261	0.0081025	0.0081025
1.3262	0.008011	0.0079805
1.3264	-0.0029145	-0.0029145
1.3265	-0.034043	-0.034043
1.3266	-0.01912	-0.01912
1.3267	0.028641	0.028611
1.3269	0.0099947	0.0099947
1.327	-0.048417	-0.048417
1.3271	-0.090867	-0.090867
1.3273	-0.075944	-0.075975
1.3274	-0.030991	-0.030991
1.3275	-0.045335	-0.045335
1.3276	-0.089281	-0.089281
1.3278	-0.020493	-0.020462
1.3279	0.11781	0.11781
1.328	0.12078	0.12081
1.3281	0.039322	0.039353
1.3282	-0.028153	-0.028183
1.3284	-0.029007	-0.028977
1.3285	0.026108	0.026108
1.3286	-0.03035	-0.03032
1.3287	-0.10857	-0.10857
1.3289	-0.046738	-0.046738
1.329	0.070634	0.070665
1.3291	0.13478	0.13478
1.3293	0.10588	0.10591
1.3294	0.0025483	0.0025483
1.3295	-0.049851	-0.049851
1.3296	-0.021103	-0.021134
1.3298	-0.015793	-0.015763
1.3299	-0.026261	-0.026261
1.33	-0.0065156	-0.0065156
1.3301	0.042191	0.042161
1.3302	0.069291	0.069261
1.3304	0.034531	0.034562
1.3305	-0.011002	-0.011032
1.3306	0.0045319	0.0045014
1.3307	0.031357	0.031357
1.3309	0.0023041	0.0022736
1.331	-0.029526	-0.029496
1.3311	-0.037003	-0.037003
1.3313	-0.0010834	-0.0010834
1.3314	0.028305	0.028305
1.3315	-0.014359	-0.014359
1.3316	-0.064073	-0.064103
1.3318	-0.07805	-0.07805
1.3319	-0.065751	-0.065721
1.332	-0.052079	-0.052079
1.3321	-0.06334	-0.063371
1.3322	-0.036606	-0.036606
1.3324	0.070756	0.070756
1.3325	0.10887	0.10884
1.3326	0.042924	0.042924
1.3327	-0.0044709	-0.0044709
1.3329	-0.0010529	-0.0010834
1.333	0.032731	0.032731
1.3331	-0.008835	-0.0088045
1.3333	-0.099687	-0.099657
1.3334	-0.075547	-0.075517
1.3335	0.027298	0.027298
1.3336	0.087968	0.087999
1.3338	0.088182	0.088182
1.3339	0.057053	0.057023
1.334	0.028031	0.028031
1.3341	0.0068818	0.0068818
1.3342	-0.034012	-0.034012
1.3344	-0.06157	-0.06157
1.3345	-0.040604	-0.040604
1.3346	0.014694	0.014694
1.3347	0.055192	0.055192
1.3349	0.049027	0.049027
1.335	0.035172	0.035203
1.3351	0.017044	0.017044
1.3353	0.012314	0.012314
1.3354	-0.0026093	-0.0026093
1.3355	-0.029496	-0.029496
1.3356	-0.012955	-0.012924
1.3358	-0.0053864	-0.0053864
1.3359	-0.011124	-0.011093
1.336	0.0021515	0.002121
1.3361	-0.016251	-0.016251
1.3362	-0.054673	-0.054673
1.3364	-0.073228	-0.073259
1.3365	-0.078752	-0.078721
1.3366	-0.068009	-0.067979
1.3367	-0.039353	-0.039353
1.3369	0.026169	0.026169
1.337	0.083085	0.083085
1.3371	0.065171	0.065202
1.3373	0.025437	0.025437
1.3374	0.003769	0.003769
1.3375	0.017777	0.017777
1.3376	0.0031281	0.0031586
1.3378	-0.066026	-0.066026
1.3379	-0.069383	-0.069383
1.338	-0.0068208	-0.0068208
1.3381	0.03209	0.03209
1.3382	0.049912	0.049912
1.3384	0.068162	0.068162
1.3385	0.068803	0.068833
1.3386	0.046952	0.046952
1.3387	-0.013901	-0.013901
1.3389	-0.054856	-0.054856
1.339	-0.039719	-0.039689
1.3391	-0.013382	-0.013413
1.3393	0.0091402	0.0091096
1.3394	0.028763	0.028733
1.3395	0.056748	0.056748
1.3396	0.047318	0.047318
1.3398	0.020462	0.020462
1.3399	0.0064851	0.0064851
1.34	-0.012192	-0.012222
1.3401	-0.009659	-0.009659
1.3402	-0.018265	-0.018265
1.3404	-0.03508	-0.03508
1.3405	-0.012741	-0.012772
1.3406	-0.003769	-0.0037995
1.3407	-0.045274	-0.045274
1.3409	-0.069413	-0.069413
1.341	-0.068498	-0.068467
1.3411	-0.065843	-0.065873
1.3413	-0.030381	-0.030411
1.3414	0.015671	0.015702
1.3415	0.048234	0.048234
1.3416	0.056352	0.056321
1.3418	0.040452	0.040452
1.3419	0.028458	0.028458
1.342	0.028092	0.028122
1.3421	-0.010575	-0.010575
1.3422	-0.059129	-0.059129
1.3424	-0.040482	-0.040513
1.3425	-0.0019074	-0.0019074
1.3426	0.0077363	0.0077668
1.3427	0.016861	0.016831
1.3429	0.044388	0.044358
1.343	0.071214	0.071214
1.3431	0.063676	0.063676
1.3433	0.011398	0.011368
1.3434	-0.024826	-0.024796
1.3435	-0.026719	-0.026719
1.3436	-0.045914	-0.045945
1.3438	-0.033036	-0.033005
1.3439	0.014633	0.014664
1.344	0.066178	0.066209
1.3441	0.069749	0.069749
1.3442	0.011337	0.011368
1.3444	0.0060273	0.0060273
1.3445	0.01442	0.01442
1.3446	-0.002945	-0.0029755
1.3447	-0.013504	-0.013535
1.3449	-0.041886	-0.041917
1.345	-0.037522	-0.037522
1.3451	-0.018448	-0.018448
1.3453	-0.049088	-0.049088
1.3454	-0.057176	-0.057176
1.3455	-0.042863	-0.042832
1.3456	-0.063462	-0.063432
1.3458	-0.034836	-0.034867
1.3459	0.030838	0.030808
1.346	0.040726	0.040726
1.3461	0.034653	0.034623
1.3462	0.028336	0.028336
1.3464	0.023087	0.023117
1.3465	0.036057	0.036057
1.3466	-0.0089876	-0.0089876
1.3467	-0.061051	-0.061051
1.3469	-0.014817	-0.014817
1.347	0.012497	0.012528
1.3471	-0.0121	-0.0121
1.3473	0.0043488	0.0043488
1.3474	0.039322	0.039322
1.3475	0.060441	0.06041
1.3476	0.049088	0.049088
1.3478	0.017746	0.017746
1.3479	0.016587	0.016587
1.348	0.012741	0.012772
1.3481	-0.043229	-0.043229
1.3482	-0.068009	-0.068009
1.3484	-0.020798	-0.020798
1.3485	0.040238	0.040238
1.3486	0.061631	0.061631
1.3487	0.040391	0.040391
1.3489	0.033616	0.033616
1.349	0.022721	0.022721
1.3491	-0.0072175	-0.007248
1.3493	-0.018967	-0.018997
1.3494	-0.024094	-0.024094
1.3495	-0.03566	-0.03566
1.3496	-0.050767	-0.050797
1.3498	-0.062211	-0.062242
1.3499	-0.046647	-0.046616
1.35	-0.038743	-0.038743
1.3501	-0.052659	-0.052659
1.3503	-0.015061	-0.015061
1.3504	0.039475	0.039445
1.3505	0.035935	0.035935
1.3506	0.015702	0.015702
1.3507	0.028	0.028031
1.3509	0.044358	0.044388
1.351	0.021469	0.021469
1.3511	-0.043473	-0.043503
1.3513	-0.053483	-0.053452
1.3514	0.0090791	0.0090486
1.3515	0.020035	0.020066
1.3516	-0.014939	-0.014908
1.3518	-0.0031891	-0.0031891
1.3519	0.037949	0.03798
1.352	0.043534	0.043503
1.3521	0.019425	0.019455
1.3523	0.021347	0.021347
1.3524	0.046372	0.046372
1.3525	0.025223	0.025223
1.3526	-0.038468	-0.038437
1.3527	-0.04625	-0.04622
1.3529	-0.017502	-0.017502
1.353	0.008072	0.008011
1.3531	0.018723	0.018723
1.3533	0.029221	0.029252
1.3534	0.05861	0.058579
1.3535	0.037461	0.03743
1.3536	0.0051728	0.0051728
1.3538	0.0069123	0.0069123
1.3539	-0.011948	-0.011948
1.354	-0.052873	-0.052873
1.3541	-0.079881	-0.079911
1.3543	-0.077928	-0.077928
1.3544	-0.053483	-0.053483
1.3545	-0.052995	-0.052995
1.3546	-0.040146	-0.040146
1.3547	0.026566	0.026566
1.3549	0.054093	0.054093
1.355	0.019547	0.019516
1.3551	0.014694	0.014725
1.3553	0.044022	0.044022
1.3554	0.040757	0.040757
1.3555	-0.0096284	-0.0096284
1.3556	-0.053452	-0.053452
1.3558	-0.023484	-0.023453
1.3559	0.014511	0.014542
1.356	-0.0081331	-0.0081331
1.3561	-0.0048981	-0.0048981
1.3563	0.032822	0.032822
1.3564	0.040116	0.040177
1.3565	0.014603	0.014603
1.3566	0.0047761	0.0048066
1.3567	0.033066	0.033066
1.3569	0.046372	0.046372
1.357	0.01265	0.01265
1.3571	-0.018357	-0.018357
1.3573	-0.016007	-0.015976
1.3574	-0.017899	-0.017899
1.3575	-0.018387	-0.018387
1.3576	-0.001236	-0.0012665
1.3578	0.036851	0.036851
1.3579	0.052628	0.052659
1.358	0.020737	0.020768
1.3581	0.01387	0.01387
1.3583	0.022324	0.022354
1.3584	-0.0079194	-0.00795
1.3585	-0.046098	-0.046128
1.3586	-0.07863	-0.07863
1.3587	-0.090959	-0.090959
1.3589	-0.089036	-0.089036
1.359	-0.074052	-0.074083
1.3591	-0.0092317	-0.0092317
1.3593	0.05391	0.05391
1.3594	0.050523	0.050523
1.3595	0.02385	0.02385
1.3596	0.041886	0.041855
1.3598	0.05452	0.05449
1.3599	0.020279	0.020279
1.36	-0.025772	-0.025742
1.3601	-0.041733	-0.041733
1.3603	-0.014603	-0.014633
1.3604	-0.011032	-0.011032
1.3605	-0.019608	-0.019577
1.3606	0.017502	0.017502
1.3607	0.039963	0.039963
1.3609	0.018204	0.018204
1.361	0.0075532	0.0075532
1.3611	0.023636	0.023636
1.3612	0.02858	0.02858
1.3614	0.02034	0.020371
1.3615	0.011582	0.011582
1.3616	0.0099031	0.0099336
1.3618	0.005417	0.005417
1.3619	-0.014206	-0.014206
1.362	-0.023697	-0.023697
1.3621	-0.014145	-0.014115
1.3623	0.0081025	0.0081331
1.3624	0.028672	0.028672
1.3625	0.029557	0.029557
1.3626	0.032242	0.032273
1.3627	0.014725	0.014755
1.3629	-0.018845	-0.018845
1.363	-0.035996	-0.035996
1.3631	-0.058701	-0.058701
1.3632	-0.088365	-0.088365
1.3634	-0.099229	-0.09926
1.3635	-0.063676	-0.063676
1.3636	-0.0029755	-0.003006
1.3638	0.031754	0.031754
1.3639	0.04097	0.04094
1.364	0.052903	0.052903
1.3641	0.058732	0.058762
1.3643	0.038651	0.038621
1.3644	0.0051118	0.0051423
1.3645	-0.014145	-0.014145
1.3646	-0.015	-0.015
1.3647	-0.026139	-0.026139
1.3649	-0.028763	-0.028733
1.365	-0.004715	-0.004654
1.3651	0.021073	0.021073
1.3652	0.020981	0.020981
1.3654	0.0091707	0.0091707
1.3655	0.019486	0.019516
1.3656	0.025406	0.025376
1.3658	0.015946	0.015915
1.3659	0.0085298	0.0084993
1.366	0.016373	0.016342
1.3661	0.014023	0.014054
1.3663	0.013413	0.013413
1.3664	0.009659	0.0096895
1.3665	-0.011093	-0.011093
1.3666	-0.020829	-0.020798
1.3667	-0.018143	-0.018143
1.3669	0.0023957	0.0023957
1.367	0.022019	0.021988
1.3671	0.021195	0.021195
1.3672	0.011673	0.011704
1.3674	-0.010575	-0.010544
1.3675	-0.030564	-0.030594
1.3676	-0.0551	-0.05507
1.3678	-0.072007	-0.072007
1.3679	-0.060624	-0.060594
1.368	-0.038651	-0.038651
1.3681	-0.019028	-0.019028
1.3683	0.011368	0.011337
1.3684	0.041367	0.041367
1.3685	0.044388	0.044388
1.3686	0.04097	0.04097
1.3687	0.026749	0.026749
1.3689	0.010422	0.010391
1.369	0.0087739	0.0087739
1.3691	-0.0093233	-0.0093233
1.3692	-0.022568	-0.022568
1.3694	-0.013809	-0.013809
1.3695	-0.0052949	-0.0052644
1.3696	0.0049287	0.0049287
1.3698	0.014115	0.014084
1.3699	0.016129	0.016129
1.37	0.0085298	0.0084993
1.3701	0.0063325	0.0063325
1.3703	0.016495	0.016495
1.3704	0.015915	0.015915
1.3705	0.0022736	0.0022431
1.3706	0.012467	0.012467
1.3707	0.025376	0.025376
1.3709	0.021134	0.021134
1.371	0.0082246	0.0081941
1.3711	-0.0098726	-0.0098421
1.3712	-0.012314	-0.012345
1.3714	-0.014298	-0.014298
1.3715	-0.0066072	-0.0066072
1.3716	0.0043183	0.0043183
1.3718	0.0024872	0.0024872
1.3719	-0.0095369	-0.0095369
1.372	-0.037278	-0.037308
1.3721	-0.044938	-0.044938
1.3723	-0.043809	-0.043778
1.3724	-0.037156	-0.037156
1.3725	-0.028031	-0.028031
1.3726	-0.012467	-0.012436
1.3727	0.016617	0.016556
1.3729	0.019638	0.019638
1.373	0.02501	0.02501
1.3731	0.033005	0.033005
1.3732	0.02269	0.02269
1.3734	0.018082	0.018082
1.3735	0.0037385	0.0037079
1.3736	-0.001297	-0.001297
1.3738	0.0027924	0.0028229
1.3739	-0.0073396	-0.0073396
1.374	-0.0094453	-0.0094453
1.3741	0.0009308	0.0009308
1.3743	0.0065461	0.0065766
1.3744	0.003006	0.0030365
1.3745	0.0011749	0.0011749
1.3746	0.01033	0.01033
1.3747	0.01146	0.01149
1.3749	0.0028229	0.0028229
1.375	0.0076753	0.0076753
1.3751	0.016861	0.016831
1.3752	0.017838	0.017838
1.3754	0.015335	0.015335
1.3755	0.015518	0.015518
1.3756	0.0069734	0.0070039
1.3758	-0.0070344	-0.0070344
1.3759	-0.014054	-0.014023
1.376	-0.011246	-0.011215
1.3761	-0.0065766	-0.0065461
1.3763	-0.015885	-0.015885
1.3764	-0.025528	-0.025498
1.3765	-0.021592	-0.021592
1.3766	-0.02504	-0.025071
1.3767	-0.035447	-0.035447
1.3769	-0.029923	-0.029862
1.377	-0.023697	-0.023697
1.3771	-0.011368	-0.011368
1.3772	0.0026398	0.0026093
1.3774	0.0083467	0.0083162
1.3775	0.022965	0.022934
1.3776	0.024033	0.024063
1.3778	0.025132	0.025132
1.3779	0.030076	0.030076
1.378	0.017777	0.017746
1.3781	0.0098116	0.0098116
1.3783	0.0014801	0.0014801
1.3784	-0.0005951	-0.0005951
1.3785	-0.0013275	-0.0013275
1.3786	-0.0085298	-0.0085298
1.3787	-0.0062715	-0.0062715
1.3789	-0.0017548	-0.0017243
1.379	0.0010834	0.0010834
1.3791	0.0013886	0.0013886
1.3792	-0.00041199	-0.00041199
1.3794	0.011154	0.011154
1.3795	0.019486	0.019516
1.3796	0.012589	0.012589
1.3798	0.011124	0.011154
1.3799	0.013596	0.013565
1.38	0.013138	0.013138
1.3801	0.0029755	0.003006
1.3803	-0.0036469	-0.0036469
1.3804	-0.0016938	-0.0016938
1.3805	-0.0052644	-0.0052644
1.3806	-0.01033	-0.01033
1.3807	-0.018051	-0.018112
1.3809	-0.019364	-0.019364
1.381	-0.014511	-0.014542
1.3811	-0.018173	-0.018173
1.3812	-0.022934	-0.022904
1.3814	-0.018723	-0.018723
1.3815	-0.017899	-0.017899
1.3816	-0.022782	-0.022812
1.3818	-0.014817	-0.014786
1.3819	-0.00099184	-0.00099184
1.382	0.0025177	0.0025483
1.3821	0.0062409	0.0062715
1.3823	0.021012	0.021012
1.3824	0.033738	0.033768
1.3825	0.026444	0.026444
1.3826	0.011154	0.011185
1.3827	0.0090486	0.0090181
1.3829	0.014328	0.014359
1.383	0.0035859	0.0035859
1.3831	-0.0075837	-0.0075532
1.3832	-0.0048981	-0.0048981
1.3834	-0.0023957	-0.0024262
1.3835	-0.0030671	-0.0030365
1.3836	-0.0046235	-0.004593
1.3838	0.0024872	0.0024872
1.3839	0.013809	0.01384
1.384	0.0082856	0.0082856
1.3841	0.0026703	0.0027008
1.3843	0.0103	0.0103
1.3844	0.010605	0.010636
1.3845	0.0029755	0.0029755
1.3846	-0.0045014	-0.0045014
1.3847	0.0012665	0.001236
1.3849	0.0081941	0.0082246
1.385	0.0010224	0.0010224
1.3851	-0.002182	-0.0022126
1.3852	-0.0013886	-0.0013581
1.3854	-0.0090791	-0.0090791
1.3855	-0.017166	-0.017197
1.3856	-0.014328	-0.014328
1.3858	-0.007126	-0.007126
1.3859	-0.0094148	-0.0093843
1.386	-0.020188	-0.020218
1.3861	-0.021683	-0.021683
1.3863	-0.012345	-0.012314
1.3864	-0.011093	-0.011093
1.3865	-0.014054	-0.014054
1.3866	-0.0046235	-0.004593
1.3867	0.011765	0.011765
1.3869	0.017136	0.017136
1.387	0.01799	0.01799
1.3871	0.01912	0.01912
1.3872	0.014969	0.014969
1.3874	0.0057221	0.0057527
1.3875	-0.00206	-0.00206
1.3876	0.0039216	0.0039216
1.3878	0.0088045	0.0088045
1.3879	0.0034028	0.0033722
1.388	-0.0013886	-0.0013886
1.3881	-0.00056458	-0.0005951
1.3883	0.0056916	0.0056611
1.3884	0.009781	0.009781
1.3885	0.011185	0.011215
1.3886	0.011063	0.011063
1.3887	0.0051728	0.0052033
1.3889	-0.0024567	-0.0024567
1.389	-0.0089265	-0.0089265
1.3891	-0.0095674	-0.0095674
1.3892	-0.0022126	-0.0022126
1.3894	0.0012055	0.0012055
1.3895	0.00096132	0.00096132
1.3896	0.0048066	0.0048066
1.3898	0.0060273	0.0059968
1.3899	-0.0062715	-0.0062409
1.39	-0.017411	-0.017441
1.3901	-0.013626	-0.013596
1.3903	-0.011704	-0.011704
1.3904	-0.015854	-0.015885
1.3905	-0.010971	-0.010941
1.3906	-0.0038605	-0.0038605
1.3907	-0.0062104	-0.0062409
1.3909	-0.01146	-0.01146
1.391	-0.0082246	-0.0082246
1.3911	0.002182	0.0022126
1.3912	0.0032197	0.0032197
1.3914	0.0043183	0.0043183
1.3915	0.016312	0.016342
1.3916	0.02034	0.02034
1.3918	0.014237	0.014206
1.3919	0.0036774	0.0036774
1.392	-0.00090028	-0.00090028
1.3921	0.0034333	0.0034333
1.3923	0.0038605	0.0038605
1.3924	0.00022889	0.0002594
1.3925	0.0026093	0.0026398
1.3926	0.0048066	0.0048066
1.3927	0.0023957	0.0023957
1.3929	0.0035554	0.0035554
1.393	0.011887	0.011887
1.3931	0.016342	0.016342
1.3932	0.010147	0.010147
1.3934	0.0033417	0.0033112
1.3935	-0.0040436	-0.0040131
1.3936	-0.013504	-0.013504
1.3938	-0.013107	-0.013077
1.3939	-0.0047761	-0.0047456
1.394	0.002121	0.0021515
1.3941	0.006363	0.0063935
1.3943	0.0030976	0.0030365
1.3944	-0.0066987	-0.0067292
1.3945	-0.01445	-0.01445
1.3946	-0.019181	-0.019181
1.3947	-0.023545	-0.023514
1.3949	-0.018357	-0.018387
1.395	-0.0066072	-0.0066377
1.3951	-0.001236	-0.0011749
1.3952	-0.0016327	-0.0016327
1.3954	-0.00013733	-0.00016785
1.3955	0.0067903	0.0067903
1.3956	0.0065461	0.0065461
1.3958	-0.00077821	-0.00077821
1.3959	0.0022431	0.0022431
1.396	0.012161	0.012161
1.3961	0.017472	0.017533
1.3963	0.014572	0.014542
1.3964	0.0084993	0.0084688
1.3965	0.005539	0.005539
1.3966	0.0034333	0.0034333
1.3967	-0.0014496	-0.0014496
1.3969	-0.0050813	-0.0050813
1.397	-0.0019379	-0.0019379
1.3971	-0.0014801	-0.0014801
1.3972	-0.0044709	-0.0044404
1.3974	-1.5259e-05	-4.5777e-05
1.3975	0.006302	0.0063325
1.3976	0.0077363	0.0077363
1.3978	0.0077668	0.0077974
1.3979	0.0077974	0.0077974
1.398	0.0032502	0.0032807
1.3981	-0.0084688	-0.0084688
1.3983	-0.011765	-0.011765
1.3984	-0.0050507	-0.0050507
1.3985	-0.00083925	-0.00086976
1.3986	0.0039826	0.0039826
1.3987	0.004593	0.004593
1.3989	-0.0002594	-0.00028992
1.399	-0.0048066	-0.0048066
1.3991	-0.014878	-0.014878
1.3992	-0.01857	-0.018601
1.3994	-0.012192	-0.012192
1.3995	-0.0098116	-0.0098421
1.3996	-0.0052033	-0.0052338
1.3998	-0.0015717	-0.0015412
1.3999	0.0017548	0.0017548
1.4	0.0067597	0.0067903
1.4001	0.0074006	0.0074006
1.4003	0.0062409	0.0062409
1.4004	0.0043793	0.0044099
1.4005	0.0075837	0.0075837
1.4006	0.011002	0.010971
1.4007	0.010758	0.010758
1.4009	0.010391	0.010422
1.401	0.0073091	0.0073091
1.4011	0.0046235	0.0046235
1.4012	-0.00016785	-0.00013733
1.4014	-0.0051118	-0.0051118
1.4015	-0.008011	-0.0079805
1.4016	-0.0075227	-0.0074922
1.4018	-0.00016785	-0.00016785
1.4019	0.0013886	0.0013886
1.402	-0.0012665	-0.001297
1.4021	-0.00050355	-0.00053407
1.4023	0.0033417	0.0033112
1.4024	0.006363	0.006363
1.4025	0.0018158	0.0018463
1.4026	-0.0035554	-0.0035248
1.4027	-0.0068818	-0.0068513
1.4029	-0.0093538	-0.0093538
1.403	-0.0059968	-0.0059968
1.4031	0.0027008	0.0026703
1.4032	0.0058442	0.0058442
1.4034	0.0039216	0.0038911
1.4035	0.001236	0.001236
1.4036	-0.0057221	-0.0057221
1.4038	-0.01088	-0.01088
1.4039	-0.011826	-0.011856
1.404	-0.0091096	-0.0090791
1.4041	-0.0039826	-0.0039521
1.4043	-0.0041047	-0.0041352
1.4044	4.5777e-05	4.5777e-05
1.4045	0.0058442	0.0058442
1.4046	0.0070649	0.0070649
1.4047	0.0056306	0.0056306
1.4049	0.0043793	0.0044099
1.405	0.0037995	0.0037995
1.4051	0.0039216	0.0039216
1.4052	0.006302	0.006302
1.4054	0.0065156	0.0065461
1.4055	0.0043488	0.0043488
1.4056	0.0024262	0.0024262
1.4058	0.0024567	0.0024872
1.4059	-0.00065614	-0.00065614
1.406	-0.0064546	-0.006424
1.4061	-0.0045014	-0.0044709
1.4063	0.00080873	0.00080873
1.4064	0.0015412	0.0015412
1.4065	0.0010224	0.0010224
1.4066	0.0028229	0.0028229
1.4067	0.0014496	0.0014801
1.4069	-4.5777e-05	-4.5777e-05
1.407	0.0005951	0.00056458
1.4071	0.0005951	0.0005951
1.4072	-0.001297	-0.001297
1.4074	-0.0052033	-0.0052338
1.4075	-0.0050813	-0.0051118
1.4076	-0.0025483	-0.0025177
1.4078	-0.00053407	-0.00050355
1.4079	0.0015717	0.0015717
1.408	0.0052033	0.0052033
1.4081	0.0041047	0.0041047
1.4083	-0.0027924	-0.0028229
1.4084	-0.0075227	-0.0075532
1.4085	-0.0080415	-0.0080415
1.4086	-0.007187	-0.007187
1.4087	-0.0059358	-0.0059358
1.4089	-0.00056458	-0.00053407
1.409	0.0050202	0.0050507
1.4091	0.0053254	0.0053254
1.4092	0.0041657	0.0041657
1.4094	0.0030365	0.0030365
1.4095	0.0016632	0.0016632
1.4096	0.0010224	0.0010529
1.4098	0.0014801	0.0014801
1.4099	0.00022889	0.00022889
1.41	-0.00010681	-0.00010681
1.4101	0.002945	0.002945
1.4103	0.003769	0.0037995
1.4104	0.0002594	0.00028992
1.4105	-0.0020905	-0.0020905
1.4106	-0.0022431	-0.0022431
1.4107	-0.0016938	-0.0016938
1.4109	0.00096132	0.00096132
1.411	0.0050202	0.0050507
1.4111	0.0062409	0.0062409
1.4112	0.0027314	0.0027008
1.4114	4.5777e-05	4.5777e-05
1.4115	0.00035096	0.00035096
1.4116	-0.00068666	-0.00068666
1.4118	-0.0016022	-0.0016327
1.4119	-0.00086976	-0.00086976
1.412	-0.003006	-0.0030365
1.4121	-0.0033722	-0.0033417
1.4123	-0.0023346	-0.0023041
1.4124	-0.00062562	-0.00062562
1.4125	0.0016022	0.0015717
1.4126	0.0016022	0.0016022
1.4128	0.0015412	0.0015717
1.4129	-0.00019837	-0.00019837
1.413	-0.0029755	-0.0029755
1.4131	-0.0048981	-0.0048981
1.4132	-0.0063935	-0.0063935
1.4134	-0.0032807	-0.0032502
1.4135	0.0016632	0.0016632
1.4136	0.0038605	0.0038605
1.4138	0.004654	0.0046845
1.4139	0.0027008	0.0027008
1.414	0.00038148	0.00038148
1.4141	-0.00071717	-0.00074769
1.4143	-0.00083925	-0.00083925
1.4144	-0.00044251	-0.00041199
1.4145	4.5777e-05	1.5259e-05
1.4146	-0.00047303	-0.00044251
1.4148	0.00032044	0.00032044
1.4149	0.0012055	0.0012055
1.415	0.0019074	0.0019074
1.4151	0.00038148	0.00041199
1.4152	-0.004715	-0.004715
1.4154	-0.0034638	-0.0034638
1.4155	0.0039826	0.0040131
1.4156	0.0065461	0.0065766
1.4158	0.0064546	0.0064546
1.4159	0.0052033	0.0051728
1.416	0.0012665	0.0012665
1.4161	-0.0014801	-0.0014801
1.4163	-0.0027924	-0.0027924
1.4164	-0.0025177	-0.0025483
1.4165	-0.0022431	-0.0022431
1.4166	-0.0046235	-0.004654
1.4168	-0.0040436	-0.0040436
1.4169	-0.0032197	-0.0032197
1.417	-0.0012055	-0.0012055
1.4171	0.0014801	0.0014801
1.4172	0.00096132	0.00096132
1.4174	0.00068666	0.00065614
1.4175	0.00028992	0.00028992
1.4176	-0.0018769	-0.0018769
1.4178	-0.0034638	-0.0034638
1.4179	-0.0025788	-0.0025788
1.418	-0.0030671	-0.0030671
1.4181	-0.0016632	-0.0016327
1.4183	0.0033722	0.0033722
1.4184	0.004593	0.004593
1.4185	0.0025788	0.0025483
1.4186	-0.00071717	-0.00074769
1.4188	-0.0014496	-0.0014801
1.4189	0.0016022	0.0016022
1.419	0.0015106	0.0015106
1.4191	-0.00080873	-0.00080873
1.4192	-0.00080873	-0.00080873
1.4194	0.00028992	0.00028992
1.4195	0.002182	0.002182
1.4196	0.0010834	0.0010529
1.4198	-0.00071717	-0.00071717
1.4199	0.00028992	0.00032044
1.42	-0.0002594	-0.00028992
1.4201	0.0005951	0.0005951
1.4203	0.0034638	0.0034638
1.4204	0.0060578	0.0060273
1.4205	0.0048066	0.0048371
1.4206	0.00071717	0.00074769
1.4208	-0.0018769	-0.0018769
1.4209	-0.0035554	-0.0035554
1.421	-0.0032502	-0.0032197
1.4211	-0.0011444	-0.0011139
1.4212	-0.00206	-0.0020905
1.4214	-0.0026093	-0.0026093
1.4215	-0.0016327	-0.0016022
1.4216	-0.00016785	-0.00019837
1.4218	0.0010529	0.0010529
1.4219	0.00086976	0.00086976
1.422	-0.0002594	-0.0002594
1.4221	-0.0015412	-0.0015717
1.4223	-0.0012665	-0.0012665
1.4224	-0.00083925	-0.00083925
1.4225	-0.0026093	-0.0026398
1.4226	-0.0026398	-0.0026398
1.4228	0.00053407	0.00053407
1.4229	0.0013886	0.0013886
1.423	0.00071717	0.00071717
1.4231	-0.00044251	-0.00047303
1.4232	0.00028992	0.00032044
1.4234	0.0023041	0.0023041
1.4235	0.001236	0.001236
1.4236	0.00080873	0.00080873
1.4238	0.0018158	0.0018158
1.4239	0.0014191	0.0014496
1.424	0.0009308	0.0009308
1.4241	4.5777e-05	4.5777e-05
1.4243	0.00080873	0.00083925
1.4244	0.0010834	0.0011139
1.4245	-0.00041199	-0.00041199
1.4246	-0.00022889	-0.00019837
1.4248	0.0012665	0.0012665
1.4249	0.0034028	0.0033722
1.425	0.0042878	0.0042878
1.4251	0.0042878	0.0043183
1.4252	0.0017243	0.0017548
1.4254	-0.0031281	-0.0031586
1.4255	-0.0043793	-0.0043488
1.4256	-0.0030671	-0.0030976
1.4257	-0.0026093	-0.0026093
1.4259	-0.0034333	-0.0034333
1.426	-0.0023957	-0.0023651
1.4261	0.00028992	0.00032044
1.4263	0.0009308	0.00090028
1.4264	-0.00071717	-0.00071717
1.4265	-0.0021515	-0.0021515
1.4266	-0.00053407	-0.00056458
1.4268	0.00050355	0.00047303
1.4269	-0.00044251	-0.00044251
1.427	-0.0020905	-0.002121
1.4271	-0.0021515	-0.0021515
1.4272	-0.00083925	-0.00083925
1.4274	-0.00083925	-0.00083925
1.4275	-0.00028992	-0.0002594
1.4276	0.0016632	0.0016632
1.4277	0.0028534	0.0028534
1.4279	0.0025483	0.0025483
1.428	0.0024262	0.0024262
1.4281	0.0016632	0.0016327
1.4283	0.00038148	0.00038148
1.4284	-0.00099184	-0.00096132
1.4285	-0.0010834	-0.0011139
1.4286	0.00028992	0.00028992
1.4288	-0.00047303	-0.00044251
1.4289	-0.0021515	-0.002121
1.429	-0.00022889	-0.00022889
1.4291	0.0016327	0.0016327
1.4292	0.00090028	0.0009308
1.4294	0.00086976	0.00083925
1.4295	0.0027619	0.0027619
1.4296	0.004593	0.0046235
1.4297	0.0021515	0.002121
1.4299	-0.0011749	-0.0011444
1.43	-0.0019989	-0.0019989
1.4301	-0.0019989	-0.0019989
1.4303	-0.0027619	-0.0027314
1.4304	-0.0030671	-0.0030671
1.4305	0.0002594	0.00028992
1.4306	0.0027008	0.0026703
1.4308	0.0011444	0.0011139
1.4309	-0.001297	-0.0013275
1.431	-0.0012665	-0.0012665
1.4311	-0.00028992	-0.00028992
1.4312	-0.001236	-0.0012665
1.4314	-0.00056458	-0.00053407
1.4315	0.0009308	0.0009308
1.4316	-0.00065614	-0.00065614
1.4317	-0.0027619	-0.0027924
1.4319	-0.0021515	-0.0021515
1.432	0.00022889	0.00022889
1.4321	0.0016632	0.0016632
1.4323	0.00050355	0.00053407
1.4324	0.0012055	0.0011749
1.4325	0.0039826	0.0039826
1.4326	0.0023651	0.0023651
1.4328	-0.0005951	-0.00056458
1.4329	-0.0021515	-0.0021515
1.433	-0.002121	-0.002121
1.4331	-0.0015412	-0.0015412
1.4332	-0.0033722	-0.0033722
1.4334	-0.0026703	-0.0026703
1.4335	0.00062562	0.00062562
1.4336	0.001297	0.001297
1.4337	0.00032044	0.00032044
1.4339	0.00096132	0.00096132
1.434	0.0027008	0.0026703
1.4341	0.0024567	0.0024567
1.4343	0.00096132	0.00096132
1.4344	0.00028992	0.0002594
1.4345	0.00022889	0.00022889
1.4346	-0.0017243	-0.0016938
1.4348	-0.0034333	-0.0033722
1.4349	-0.00206	-0.00206
1.435	0.0012665	0.0012665
1.4351	0.0024262	0.0024262
1.4352	0.0015412	0.0015412
1.4354	0.0018463	0.0018463
1.4355	0.00077821	0.00074769
1.4356	-0.00096132	-0.00096132
1.4357	-0.00022889	-0.00019837
1.4359	0.0033112	0.0032807
1.436	0.0040131	0.0040436
1.4361	0.00041199	0.00041199
1.4363	-0.0022126	-0.002182
1.4364	-0.0019379	-0.0019074
1.4365	-0.0016632	-0.0016938
1.4366	-0.0024567	-0.0024262
1.4368	-0.0011139	-0.0011139
1.4369	0.0016022	0.0016022
1.437	0.0025788	0.0025788
1.4371	0.0015106	0.0014801
1.4372	0.00010681	7.6295e-05
1.4374	-1.5259e-05	1.5259e-05
1.4375	-0.00065614	-0.00065614
1.4376	-0.0026703	-0.0026703
1.4377	-0.0023651	-0.0023651
1.4379	1.5259e-05	-1.5259e-05
1.438	0.00071717	0.00068666
1.4381	-0.00053407	-0.00053407
1.4383	0.00013733	0.00013733
1.4384	0.0027619	0.0027314
1.4385	0.0023041	0.0023041
1.4386	-0.00038148	-0.00038148
1.4388	-0.00032044	-0.00032044
1.4389	0.00086976	0.00090028
1.439	-0.0002594	-0.00022889
1.4391	-0.0022126	-0.002182
1.4392	-0.0019379	-0.0019379
1.4394	-0.00071717	-0.00071717
1.4395	-0.00068666	-0.00065614
1.4396	-0.0009308	-0.0009308
1.4397	0.0012665	0.001297
1.4399	0.0027619	0.0027619
1.44	0.00038148	0.00038148
1.4401	-0.0011139	-0.0011139
1.4403	0.0012665	0.001297
1.4404	0.0035859	0.0035554
1.4405	0.0024567	0.0024872
1.4406	0.001236	0.001236
1.4408	0.0013886	0.0013886
1.4409	-0.00050355	-0.00053407
1.441	-0.0041962	-0.0041962
1.4411	-0.004593	-0.004593
1.4412	-0.0018463	-0.0018463
1.4414	-0.00028992	-0.00028992
1.4415	0.00032044	0.00032044
1.4416	0.0013581	0.0013275
1.4417	0.0024872	0.0024872
1.4419	0.0014191	0.0014191
1.442	-0.0024567	-0.0024262
1.4421	-0.004654	-0.0046235
1.4423	-0.0030976	-0.0030671
1.4424	-0.0011444	-0.0011444
1.4425	-0.00096132	-0.00096132
1.4426	-0.00062562	-0.00065614
1.4428	0.002182	0.002182
1.4429	0.0034333	0.0034333
1.443	0.0018769	0.0018769
1.4431	-0.00032044	-0.00032044
1.4432	0.00032044	0.00032044
1.4434	0.00053407	0.00056458
1.4435	-0.0022431	-0.0022736
1.4436	-0.0015717	-0.0015717
1.4437	0.00050355	0.00053407
1.4439	-0.00010681	-0.00010681
1.444	-0.001297	-0.0012665
1.4441	-0.00038148	-0.00041199
1.4443	0.0028534	0.0028534
1.4444	0.0026093	0.0026093
1.4445	0.00056458	0.00056458
1.4446	0.00096132	0.0009308
1.4448	0.0022431	0.0022126
1.4449	0.002121	0.0020905
1.445	0.00086976	0.0009308
