2.274	-0.0024872	-0.0024872
2.2741	-0.0015717	-0.0016022
2.2743	0.0010834	0.0010834
2.2744	0.0011749	0.0011444
2.2745	4.5777e-05	7.6295e-05
2.2746	-0.00090028	-0.0009308
2.2748	0.00071717	0.00077821
2.2749	0.0031281	0.0030976
2.275	0.0015717	0.0015717
2.2751	0.00041199	0.00041199
2.2753	0.0014191	0.0014191
2.2754	0.0020905	0.0020905
2.2755	0.0014801	0.0014496
2.2756	-0.00062562	-0.00065614
2.2758	-0.0013886	-0.0013886
2.2759	1.5259e-05	1.5259e-05
2.276	0.0011139	0.0011139
2.2761	-0.00019837	-0.00019837
2.2763	-0.0012055	-0.0012055
2.2764	0.0009308	0.00096132
2.2765	0.002945	0.0029145
2.2766	0.0011749	0.0011749
2.2768	-0.0014496	-0.0014496
2.2769	-0.0011444	-0.0011749
2.277	0.00090028	0.00086976
2.2771	-0.00013733	-0.00013733
2.2773	-0.0036774	-0.0036774
2.2774	-0.0048371	-0.0048371
2.2775	-0.0013886	-0.0013581
2.2776	0.0013581	0.0013275
2.2778	-0.0015106	-0.0015106
2.2779	-0.0031891	-0.0031586
2.278	-0.0011749	-0.0012055
2.2781	0.00099184	0.00099184
2.2783	0.0018463	0.0018463
2.2784	-0.0011749	-0.0011749
2.2785	-0.0019074	-0.0019379
2.2786	0.0021515	0.0021515
2.2788	0.0027619	0.0027924
2.2789	-0.00056458	-0.00056458
2.279	-0.0020905	-0.0020905
2.2791	-0.0014191	-0.0014191
2.2793	4.5777e-05	7.6295e-05
2.2794	0.00019837	0.00019837
2.2795	-4.5777e-05	-7.6295e-05
2.2796	0.0026703	0.0026703
2.2798	0.0045014	0.0045014
2.2799	0.00206	0.0020294
2.28	-0.00016785	-0.00016785
2.2801	0.00056458	0.00056458
2.2803	0.00047303	0.00047303
2.2804	-0.0028534	-0.0028534
2.2805	-0.0057832	-0.0057832
2.2806	-0.0041047	-0.0040742
2.2808	-0.0011139	-0.0011139
2.2809	-0.0017243	-0.0017548
2.281	-0.0035859	-0.0035859
2.2811	-0.0014191	-0.0014191
2.2813	0.0022736	0.0022736
2.2814	0.0031586	0.0031891
2.2815	0.001297	0.0012665
2.2816	0.00013733	0.00010681
2.2818	0.0032197	0.0032502
2.2819	0.0035859	0.0036164
2.282	0.001236	0.0012055
2.2821	0.0019684	0.0019684
2.2823	0.0029755	0.002945
2.2824	0.0027008	0.0027314
2.2825	0.00206	0.00206
2.2826	0.0016632	0.0016327
2.2828	0.0039826	0.0040131
2.2829	0.0077363	0.0077058
2.283	0.0064851	0.0064851
2.2831	0.0031586	0.0031586
2.2833	0.0052949	0.0052949
2.2834	0.0064851	0.0064851
2.2835	0.002182	0.0021515
2.2836	-0.0022736	-0.0022736
2.2838	-0.0039826	-0.0039521
2.2839	-0.0014801	-0.0015106
2.284	0.0013275	0.001297
2.2841	-0.0027619	-0.0027619
2.2843	-0.0064851	-0.0064851
2.2844	-0.0034638	-0.0034333
2.2845	-0.0035859	-0.0035859
2.2846	-0.0077363	-0.0077668
2.2848	-0.010391	-0.010391
2.2849	-0.013199	-0.013199
2.285	-0.013169	-0.013169
2.2851	-0.011551	-0.011551
2.2853	-0.013321	-0.013321
2.2854	-0.012009	-0.012009
2.2855	-0.005417	-0.005417
2.2856	-0.00099184	-0.00099184
2.2858	0.0009308	0.00096132
2.2859	0.0034333	0.0034943
2.286	0.0051728	0.0052033
2.2861	0.0074006	0.0074006
2.2863	0.0083162	0.0082856
2.2864	0.0064851	0.0064546
2.2865	0.0099031	0.0099336
2.2866	0.01384	0.01387
2.2868	0.012284	0.012284
2.2869	0.010941	0.010941
2.287	0.011551	0.011521
2.2871	0.014786	0.014755
2.2873	0.016739	0.01677
2.2874	0.012924	0.012924
2.2875	0.0098116	0.009781
2.2876	0.010758	0.010758
2.2878	0.010086	0.010086
2.2879	0.0048066	0.0048066
2.288	-0.0010224	-0.00099184
2.2881	-0.0041962	-0.0041962
2.2883	-0.0029755	-0.0029755
2.2884	-0.00080873	-0.00077821
2.2885	-0.0042267	-0.0042573
2.2886	-0.0086213	-0.0086519
2.2888	-0.010575	-0.010575
2.2889	-0.012192	-0.012222
2.289	-0.013504	-0.013474
2.2891	-0.01915	-0.019211
2.2893	-0.02678	-0.02678
2.2894	-0.026932	-0.026932
2.2895	-0.02327	-0.02327
2.2896	-0.023453	-0.023453
2.2898	-0.02385	-0.02385
2.2899	-0.015885	-0.015946
2.29	-0.0034638	-0.0034638
2.2901	0.0079194	0.0078889
2.2903	0.011643	0.011643
2.2904	0.0062104	0.0062104
2.2905	0.0051118	0.0051118
2.2906	0.0091402	0.0091402
2.2908	0.0090181	0.0090181
2.2909	0.0079805	0.0079805
2.291	0.0079805	0.0079805
2.2911	0.010544	0.010544
2.2913	0.020127	0.020127
2.2914	0.023728	0.023728
2.2915	0.01796	0.017929
2.2916	0.018875	0.018875
2.2918	0.021408	0.021408
2.2919	0.019364	0.019333
2.292	0.018265	0.018296
2.2921	0.01207	0.01207
2.2923	0.0042878	0.0042878
2.2924	0.00071717	0.00071717
2.2925	-0.0056001	-0.0056001
2.2926	-0.0082246	-0.0082246
2.2928	-0.0030365	-0.0030365
2.2929	-0.0027924	-0.0027924
2.293	-0.0040436	-0.0040436
2.2931	-0.0040436	-0.0040742
2.2933	-0.0082246	-0.0082246
2.2934	-0.012161	-0.012131
2.2935	-0.019944	-0.019944
2.2936	-0.029252	-0.029252
2.2938	-0.030228	-0.030228
2.2939	-0.030808	-0.030808
2.294	-0.033341	-0.03331
2.2941	-0.033616	-0.033616
2.2943	-0.030747	-0.030777
2.2944	-0.013535	-0.013504
2.2945	0.010788	0.010819
2.2946	0.019547	0.019547
2.2948	0.016617	0.016648
2.2949	0.012192	0.012192
2.295	0.0096284	0.0096284
2.2951	0.011337	0.011398
2.2953	0.0023346	0.0023041
2.2954	-0.0103	-0.0103
2.2955	0.0027314	0.0027008
2.2956	0.026383	0.026383
2.2958	0.035996	0.035966
2.2959	0.031113	0.031113
2.296	0.017441	0.017441
2.2961	0.012863	0.012863
2.2963	0.023117	0.023087
2.2964	0.026413	0.026383
2.2965	0.015152	0.015152
2.2966	0.0076753	0.0076753
2.2968	0.0079805	0.008011
2.2969	0.0053254	0.0052949
2.297	-0.0016327	-0.0016327
2.2971	-0.011032	-0.011002
2.2973	-0.011032	-0.011032
2.2974	0.0036774	0.0036774
2.2975	0.011032	0.011032
2.2976	0.0015717	0.0015717
2.2978	-0.0062409	-0.0062409
2.2979	-0.010025	-0.010025
2.298	-0.021592	-0.021561
2.2981	-0.03563	-0.03563
2.2983	-0.043015	-0.042985
2.2984	-0.040574	-0.040574
2.2985	-0.032456	-0.032456
2.2986	-0.035935	-0.035966
2.2988	-0.047074	-0.047044
2.2989	-0.027573	-0.027543
2.299	0.013474	0.013474
2.2991	0.033127	0.033127
2.2993	0.030228	0.030228
2.2994	0.01088	0.01091
2.2995	-0.00096132	-0.00099184
2.2996	0.0086519	0.0086519
2.2998	0.0015412	0.0015717
2.2999	-0.015152	-0.015152
2.3	-0.010513	-0.010513
2.3001	0.010452	0.010483
2.3003	0.040513	0.040513
2.3004	0.054673	0.054673
2.3005	0.034104	0.034073
2.3006	0.009659	0.009659
2.3008	0.0015412	0.0015412
2.3009	-0.0013581	-0.0013886
2.301	0.016068	0.016068
2.3011	0.031266	0.031266
2.3013	0.010849	0.010849
2.3014	-0.0015106	-0.0015106
2.3015	-0.0053864	-0.0053559
2.3016	-0.0033722	-0.0033722
2.3018	0.01622	0.01622
2.3019	0.0055695	0.005539
2.302	-0.0041352	-0.0041352
2.3021	0.012924	0.012955
2.3023	0.010941	0.010971
2.3024	0.0042878	0.0042878
2.3025	-0.0048981	-0.0048676
2.3026	-0.031601	-0.031601
2.3028	-0.044511	-0.044511
2.3029	-0.042161	-0.042191
2.303	-0.044846	-0.044846
2.3031	-0.035477	-0.035447
2.3033	-0.03563	-0.03563
2.3034	-0.052079	-0.052079
2.3035	-0.024887	-0.024918
2.3036	0.019303	0.019303
2.3038	0.044053	0.044083
2.3039	0.044968	0.044968
2.304	0.0041352	0.0041657
2.3041	-0.015396	-0.015396
2.3043	-0.00096132	-0.00096132
2.3044	-0.003006	-0.003006
2.3045	-0.0092622	-0.0092622
2.3046	-0.013321	-0.013291
2.3048	0.0019684	0.0019989
2.3049	0.043687	0.043687
2.305	0.059922	0.059922
2.3051	0.035874	0.035874
2.3053	0.0053559	0.0053559
2.3054	-0.011429	-0.01146
2.3055	-0.0023041	-0.0023041
2.3056	0.015122	0.015122
2.3058	0.012741	0.012741
2.3059	0.015213	0.015213
2.306	0.018845	0.018845
2.3061	0.0082246	0.0082856
2.3063	0.0058137	0.0058137
2.3064	0.0027314	0.0027314
2.3065	0.0070954	0.0070954
2.3066	0.016526	0.016495
2.3068	0.00068666	0.00065614
2.3069	-0.0092317	-0.0092317
2.307	-0.0019074	-0.0019379
2.3071	0.0010529	0.0010529
2.3073	0.0024872	0.0025177
2.3074	-0.018967	-0.018997
2.3075	-0.054368	-0.054398
2.3076	-0.056992	-0.057023
2.3078	-0.044053	-0.044053
2.3079	-0.034012	-0.034012
2.308	-0.028977	-0.029007
2.3081	-0.04625	-0.04622
2.3083	-0.027115	-0.027085
2.3084	0.038437	0.038468
2.3085	0.066178	0.066178
2.3086	0.04094	0.04094
2.3088	-0.0098726	-0.0099031
2.3089	-0.038529	-0.038499
2.309	-0.0065766	-0.0065461
2.3091	0.014786	0.014755
2.3093	-0.012284	-0.012314
2.3094	-0.019974	-0.020035
2.3095	0.0031891	0.0032197
2.3096	0.041459	0.041459
2.3098	0.072892	0.072862
2.3099	0.038407	0.038407
2.31	-0.016648	-0.016617
2.3101	-0.023636	-0.023636
2.3103	-0.0027008	-0.0027008
2.3104	0.030411	0.030411
2.3105	0.034836	0.034836
2.3106	-0.003006	-0.003006
2.3108	-0.0103	-0.0103
2.3109	0.024033	0.024033
2.311	0.043229	0.043229
2.3111	0.030655	0.030655
2.3113	-0.0016938	-0.0017243
2.3114	-0.023209	-0.023209
2.3115	-0.0028534	-0.0028534
2.3116	0.017288	0.01735
2.3118	0.0031891	0.0031586
2.3119	-0.0090791	-0.0090791
2.312	-0.015244	-0.015244
2.3121	-0.016373	-0.016342
2.3123	-0.017807	-0.017777
2.3124	-0.043839	-0.04387
2.3125	-0.061051	-0.061021
2.3126	-0.047288	-0.047318
2.3128	-0.029374	-0.029374
2.3129	-0.038651	-0.038621
2.313	-0.050095	-0.050095
2.3131	-0.0044099	-0.0044099
2.3133	0.066636	0.066636
2.3134	0.08809	0.08806
2.3135	0.034958	0.034958
2.3136	-0.033768	-0.033738
2.3138	-0.037217	-0.037186
2.3139	-0.0025788	-0.0025788
2.314	-0.0009308	-0.0009308
2.3141	-0.026383	-0.026413
2.3143	-0.025132	-0.025101
2.3144	0.02504	0.025071
2.3145	0.089525	0.089494
2.3146	0.091691	0.091661
2.3148	0.0095064	0.0095064
2.3149	-0.063157	-0.063157
2.315	-0.054337	-0.054337
2.3151	0.010758	0.010758
2.3153	0.060472	0.060502
2.3154	0.034745	0.034714
2.3155	-0.024002	-0.024002
2.3156	-0.027604	-0.027604
2.3158	0.021805	0.021805
2.3159	0.067857	0.067826
2.316	0.05687	0.05687
2.3161	-0.0077058	-0.0077058
2.3163	-0.041703	-0.041703
2.3164	-0.017624	-0.017685
2.3165	0.018906	0.018936
2.3166	0.029801	0.029831
2.3168	-0.010056	-0.010056
2.3169	-0.049882	-0.049882
2.317	-0.034623	-0.034592
2.3171	-0.0058442	-0.0058442
2.3173	-0.0014496	-0.0014191
2.3174	-0.024216	-0.024216
2.3175	-0.049882	-0.049912
2.3176	-0.044327	-0.044297
2.3178	-0.036606	-0.036576
2.3179	-0.061418	-0.061418
2.318	-0.057206	-0.057145
2.3181	0.02504	0.02501
2.3183	0.10213	0.1021
2.3184	0.10616	0.10616
2.3185	0.034958	0.034958
2.3186	-0.053269	-0.053269
2.3188	-0.054063	-0.054063
2.3189	-0.012406	-0.012436
2.319	-0.012222	-0.012253
2.3191	-0.02565	-0.025681
2.3193	-0.016922	-0.016953
2.3194	0.032639	0.032609
2.3195	0.095201	0.095232
2.3196	0.097032	0.097002
2.3198	0.013321	0.013291
2.3199	-0.071366	-0.071366
2.32	-0.069078	-0.069108
2.3201	-0.0079194	-0.0078889
2.3203	0.047807	0.047807
2.3204	0.048325	0.048295
2.3205	0.002121	0.0021515
2.3206	-0.0079805	-0.0079805
2.3208	0.026047	0.026047
2.3209	0.042313	0.042313
2.321	0.01973	0.019699
2.3211	-0.020859	-0.020859
2.3213	-0.039078	-0.039109
2.3214	-0.012711	-0.012711
2.3215	0.026139	0.026139
2.3216	0.026047	0.026047
2.3218	-0.003006	-0.003006
2.3219	-0.028336	-0.028336
2.322	-0.038499	-0.038499
2.3221	-0.024277	-0.024247
2.3223	-0.0014191	-0.0013886
2.3224	0.0083467	0.0083467
2.3225	0.00041199	0.00038148
2.3226	-0.022293	-0.022293
2.3228	-0.052079	-0.052079
2.3229	-0.09041	-0.090379
2.323	-0.11003	-0.11006
2.3231	-0.031022	-0.031052
2.3233	0.099687	0.099687
2.3234	0.14177	0.14174
2.3235	0.089067	0.089067
2.3236	-0.017014	-0.016983
2.3238	-0.076066	-0.076097
2.3239	-0.030228	-0.030228
2.324	-0.009781	-0.0098116
2.3241	-0.043381	-0.043351
2.3243	-0.043015	-0.042985
2.3244	0.0053254	0.0053254
2.3245	0.087053	0.087022
2.3246	0.1501	0.1501
2.3248	0.090318	0.090349
2.3249	-0.047898	-0.047898
2.325	-0.10961	-0.10961
2.3251	-0.078874	-0.078874
2.3253	0.0075837	0.0075837
2.3254	0.080705	0.080705
2.3255	0.05333	0.053361
2.3256	-0.0040131	-0.0040131
2.3258	-0.006363	-0.006363
2.3259	0.013809	0.013779
2.326	0.021866	0.021897
2.3261	0.0042573	0.0042573
2.3263	-0.029313	-0.029313
2.3264	-0.030564	-0.030594
2.3265	0.013993	0.013962
2.3266	0.052903	0.052934
2.3268	0.044205	0.044205
2.3269	0.0027619	0.0027314
2.327	-0.045884	-0.045884
2.3271	-0.057359	-0.057359
2.3273	-0.014664	-0.014664
2.3274	0.030625	0.030625
2.3275	0.037339	0.037339
2.3276	-0.0086519	-0.0086213
2.3278	-0.071458	-0.071458
2.3279	-0.10497	-0.105
2.328	-0.1021	-0.1021
2.3281	-0.075456	-0.075456
2.3283	0.0081025	0.0081331
2.3284	0.11644	0.11647
2.3285	0.13497	0.135
2.3286	0.086229	0.086198
2.3288	-0.011978	-0.011978
2.3289	-0.090196	-0.090166
2.329	-0.063798	-0.063798
2.3291	-0.040391	-0.040421
2.3293	-0.040513	-0.040513
2.3294	-0.0074617	-0.0074922
2.3295	0.038682	0.038682
2.3296	0.093614	0.093614
2.3298	0.14022	0.14025
2.3299	0.070115	0.070085
2.33	-0.071153	-0.071122
2.3301	-0.12505	-0.12505
2.3303	-0.10326	-0.10323
2.3304	0.001236	0.001236
2.3305	0.1082	0.10817
2.3306	0.0851	0.0851
2.3308	0.016922	0.016922
2.3309	-0.015732	-0.015702
2.331	-0.019303	-0.019333
2.3311	0.0047456	0.004715
2.3313	0.014755	0.014755
2.3314	-0.015854	-0.015854
2.3315	-0.012345	-0.012345
2.3316	0.037156	0.037125
2.3318	0.071031	0.071
2.3319	0.062486	0.062486
2.332	-0.003769	-0.003769
2.3321	-0.07985	-0.079881
2.3323	-0.078416	-0.078416
2.3324	-0.011551	-0.011521
2.3325	0.040848	0.040848
2.3326	0.044083	0.044053
2.3328	-0.017807	-0.017838
2.3329	-0.082872	-0.082872
2.333	-0.090623	-0.090593
2.3331	-0.075547	-0.075517
2.3333	-0.076036	-0.076036
2.3334	-0.051652	-0.051652
2.3335	0.054459	0.054459
2.3336	0.14214	0.14217
2.3338	0.1538	0.15377
2.3339	0.061479	0.061479
2.334	-0.084916	-0.084886
2.3341	-0.10973	-0.10973
2.3343	-0.068254	-0.068223
2.3344	-0.03859	-0.03859
2.3345	0.0064546	0.006424
2.3346	0.038315	0.038346
2.3348	0.057939	0.057939
2.3349	0.11067	0.11067
2.335	0.10091	0.10091
2.3351	-0.023819	-0.023819
2.3353	-0.11055	-0.11055
2.3354	-0.12432	-0.12432
2.3355	-0.044419	-0.04445
2.3356	0.088579	0.088579
2.3358	0.11376	0.11376
2.3359	0.051286	0.051255
2.336	-0.0026703	-0.0026398
2.3361	-0.03444	-0.03444
2.3363	-0.028122	-0.028122
2.3364	0.015671	0.015671
2.3365	0.019242	0.019272
2.3366	0.0059663	0.0059663
2.3368	0.018082	0.018082
2.3369	0.033707	0.033738
2.337	0.047501	0.047501
2.3371	0.023026	0.023026
2.3373	-0.04036	-0.04036
2.3374	-0.078202	-0.078172
2.3375	-0.049424	-0.049454
2.3376	-0.00062562	-0.00062562
2.3378	0.037125	0.037156
2.3379	0.02797	0.02797
2.338	-0.032609	-0.032639
2.3381	-0.084092	-0.084062
2.3383	-0.1082	-0.1082
2.3384	-0.10692	-0.10689
2.3385	-0.07219	-0.07219
2.3386	0.048417	0.048417
2.3388	0.15612	0.15612
2.3389	0.16014	0.16014
2.339	0.078782	0.078752
2.3391	-0.068559	-0.068559
2.3393	-0.11461	-0.11464
2.3394	-0.065507	-0.065507
2.3395	-0.040604	-0.040574
2.3396	-0.0048981	-0.0048981
2.3398	0.029191	0.029191
2.3399	0.040543	0.040574
2.34	0.08983	0.08983
2.3401	0.11385	0.11385
2.3403	0.019181	0.019181
2.3404	-0.076341	-0.076371
2.3405	-0.1108	-0.11083
2.3406	-0.074968	-0.074937
2.3408	0.044511	0.044511
2.3409	0.114	0.114
2.341	0.07509	0.07509
2.3411	0.015946	0.015946
2.3413	-0.031449	-0.031479
2.3414	-0.044297	-0.044266
2.3415	0.0070954	0.0070954
2.3416	0.02858	0.02858
2.3418	0.013443	0.013413
2.3419	0.015335	0.015305
2.342	0.020188	0.020157
2.3421	0.038712	0.038682
2.3423	0.041154	0.041184
2.3424	-0.008072	-0.008072
2.3425	-0.071641	-0.07158
2.3426	-0.075639	-0.075639
2.3428	-0.034012	-0.034012
2.3429	0.019242	0.019272
2.343	0.043442	0.043412
2.3431	-0.0066377	-0.0066377
2.3433	-0.073228	-0.073198
2.3434	-0.11223	-0.11223
2.3435	-0.12163	-0.12163
2.3436	-0.083207	-0.083207
2.3438	0.04097	0.04097
2.3439	0.14336	0.14336
2.344	0.1425	0.1425
2.3441	0.075334	0.075364
2.3443	-0.051957	-0.051957
2.3444	-0.090898	-0.090867
2.3445	-0.043626	-0.043595
2.3446	-0.040635	-0.040635
2.3448	-0.024216	-0.024247
2.3449	0.0024567	0.0024872
2.345	0.015732	0.015732
2.3451	0.084672	0.084672
2.3453	0.13536	0.13536
2.3454	0.052598	0.052598
2.3455	-0.05333	-0.053361
2.3456	-0.10585	-0.10585
2.3458	-0.092302	-0.092332
2.3459	0.021622	0.021622
2.346	0.10045	0.10048
2.3461	0.073838	0.073838
2.3463	0.029984	0.030014
2.3464	-0.015488	-0.015518
2.3465	-0.030076	-0.030076
2.3466	0.01857	0.018601
2.3468	0.033555	0.033524
2.3469	0.0056306	0.0056306
2.347	-0.0028229	-0.0028229
2.3471	0.0067292	0.0067292
2.3473	0.037644	0.037583
2.3474	0.05388	0.05388
2.3475	0.0094453	0.0094453
2.3476	-0.06508	-0.06508
2.3478	-0.089097	-0.089097
2.3479	-0.054948	-0.054978
2.348	0.0057832	0.0058137
2.3481	0.045884	0.045853
2.3483	0.011612	0.011582
2.3484	-0.05565	-0.05565
2.3485	-0.10671	-0.10674
2.3486	-0.127	-0.127
2.3488	-0.1013	-0.10127
2.3489	0.0095674	0.0095979
2.349	0.12633	0.12633
2.3491	0.15257	0.15254
2.3493	0.10445	0.10442
2.3494	-0.019821	-0.019821
2.3495	-0.085252	-0.085222
2.3496	-0.058335	-0.058335
2.3498	-0.059068	-0.059068
2.3499	-0.044205	-0.044205
2.35	-0.01033	-0.01033
2.3501	0.016556	0.016526
2.3503	0.087877	0.087877
2.3504	0.14562	0.14562
2.3505	0.07805	0.078019
2.3506	-0.034653	-0.034623
2.3508	-0.099168	-0.099138
2.3509	-0.10054	-0.10051
2.351	-0.0017548	-0.0017243
2.3511	0.086534	0.086534
2.3513	0.076555	0.076555
2.3514	0.038682	0.038651
2.3515	-0.0096284	-0.009659
2.3516	-0.037858	-0.037858
2.3518	0.0092012	0.0092012
2.3519	0.051926	0.051926
2.352	0.035538	0.035538
2.3521	0.011002	0.011002
2.3523	-0.0091096	-0.0091402
2.3524	-0.008957	-0.008957
2.3525	0.021958	0.021958
2.3526	0.021042	0.021073
2.3528	-0.028244	-0.028244
2.3529	-0.05922	-0.05922
2.353	-0.057053	-0.057053
2.3531	-0.025498	-0.025498
2.3533	0.016342	0.016342
2.3534	0.006302	0.0062715
2.3535	-0.0439	-0.0439
2.3536	-0.087694	-0.087724
2.3538	-0.11513	-0.11513
2.3539	-0.09572	-0.09572
2.354	0.012253	0.012253
2.3541	0.11244	0.11244
2.3543	0.13466	0.13466
2.3544	0.095079	0.095079
2.3545	-0.015152	-0.015152
2.3546	-0.066728	-0.066728
2.3548	-0.041764	-0.041794
2.3549	-0.046799	-0.04683
2.355	-0.035599	-0.035599
2.3551	-0.014572	-0.014572
2.3553	-0.0051728	-0.0052033
2.3554	0.055467	0.055467
2.3555	0.11531	0.11531
2.3556	0.08275	0.082719
2.3558	0.012284	0.012284
2.3559	-0.046983	-0.047013
2.356	-0.070665	-0.070665
2.3561	-0.015427	-0.015396
2.3563	0.039811	0.039811
2.3564	0.036332	0.036332
2.3565	0.019974	0.019974
2.3566	-0.0064546	-0.0064546
2.3568	-0.015274	-0.015305
2.3569	0.038987	0.038987
2.357	0.080522	0.080522
2.3571	0.053117	0.053117
2.3573	0.0010529	0.0010529
2.3574	-0.047074	-0.047074
2.3575	-0.051316	-0.051286
2.3576	0.0023346	0.0023346
2.3578	0.036942	0.036942
2.3579	0.015518	0.015488
2.358	-0.025406	-0.025406
2.3581	-0.059251	-0.059251
2.3583	-0.05452	-0.054551
2.3584	-0.015793	-0.015793
2.3585	0.00206	0.00206
2.3586	-0.023301	-0.02327
2.3588	-0.067674	-0.067704
2.3589	-0.11354	-0.11357
2.359	-0.10698	-0.10698
2.3591	-0.0022431	-0.0022126
2.3593	0.096391	0.096361
2.3594	0.13539	0.13536
2.3595	0.10698	0.10698
2.3596	0.004593	0.0046235
2.3598	-0.041886	-0.041886
2.3599	-0.033341	-0.033341
2.36	-0.044694	-0.044694
2.3601	-0.039536	-0.039536
2.3603	-0.036545	-0.036545
2.3604	-0.033555	-0.033585
2.3605	0.031266	0.031235
2.3606	0.10155	0.10155
2.3608	0.096117	0.096117
2.3609	0.054093	0.054063
2.361	-7.6295e-05	-4.5777e-05
2.3611	-0.036057	-0.036057
2.3613	-0.0093233	-0.0093538
2.3614	0.013352	0.013382
2.3615	-0.0010224	-0.00099184
2.3616	-0.011795	-0.011795
2.3618	-0.028214	-0.028214
2.3619	-0.021653	-0.021653
2.362	0.04625	0.04625
2.3621	0.099413	0.099413
2.3623	0.089403	0.089372
2.3624	0.042832	0.042802
2.3625	-0.023819	-0.023819
2.3626	-0.061143	-0.061143
2.3628	-0.043046	-0.043076
2.3629	-0.016709	-0.016709
2.363	-0.0066377	-0.0066377
2.3631	-0.0092622	-0.0092622
2.3633	-0.026596	-0.026596
2.3634	-0.029252	-0.029282
2.3635	-0.008835	-0.0088655
2.3636	-0.00028992	-0.00028992
2.3638	-0.019364	-0.019364
2.3639	-0.060746	-0.060746
2.364	-0.11104	-0.11107
2.3641	-0.11473	-0.11476
2.3643	-0.044907	-0.044938
2.3644	0.034806	0.034806
2.3645	0.093889	0.093858
2.3646	0.10112	0.10112
2.3648	0.052689	0.052689
2.3649	0.027512	0.027481
2.365	0.01561	0.01561
2.3651	-0.0076143	-0.0076143
2.3653	-0.023148	-0.023117
2.3654	-0.05037	-0.05037
2.3655	-0.068711	-0.068711
2.3656	-0.034806	-0.034836
2.3658	0.017441	0.017441
2.3659	0.044877	0.044877
2.366	0.054734	0.054734
2.3661	0.048722	0.048692
2.3663	0.043076	0.043076
2.3664	0.053178	0.053178
2.3665	0.048753	0.048753
2.3666	0.021012	0.021012
2.3668	-0.0098726	-0.0099031
2.3669	-0.044083	-0.044114
2.367	-0.063401	-0.063371
2.3671	-0.031724	-0.031724
2.3673	0.022782	0.022782
2.3674	0.057053	0.057023
2.3675	0.066087	0.066117
2.3676	0.041703	0.041703
2.3678	0.0033722	0.0033417
2.3679	-0.017655	-0.017685
2.368	-0.023117	-0.023148
2.3681	-0.019638	-0.019638
2.3683	-0.013474	-0.013504
2.3684	-0.019821	-0.019821
2.3685	-0.034836	-0.034806
2.3686	-0.037369	-0.037369
2.3688	-0.028916	-0.028946
2.3689	-0.020645	-0.020615
2.369	-0.015305	-0.015335
2.3691	-0.025162	-0.025162
2.3693	-0.038743	-0.038712
2.3694	-0.034287	-0.034257
2.3695	-0.015091	-0.015061
2.3696	0.01088	0.010849
2.3698	0.020371	0.020401
2.3699	0.010269	0.0103
2.37	0.0050507	0.0050202
2.3701	0.0076753	0.0076753
2.3703	0.016831	0.016861
2.3704	0.023758	0.023758
2.3705	0.010819	0.010849
2.3706	-0.011368	-0.011429
2.3708	-0.017746	-0.017716
2.3709	-0.0042267	-0.0041962
2.371	0.014298	0.014267
2.3711	0.020249	0.020218
2.3713	0.016342	0.016373
2.3714	0.012375	0.012345
2.3715	0.013809	0.01384
2.3716	0.025925	0.025925
2.3718	0.035721	0.035691
2.3719	0.03331	0.03331
2.372	0.016831	0.016831
2.3721	-0.0093538	-0.0093538
2.3723	-0.01384	-0.01384
2.3724	0.0052644	0.0052949
2.3725	0.01738	0.01738
2.3726	0.020645	0.020645
2.3728	0.011673	0.011704
2.3729	-0.0081941	-0.0081636
2.373	-0.018387	-0.018387
2.3731	-0.017075	-0.017075
2.3733	-0.0080415	-0.0080415
2.3734	0.0051728	0.0052033
2.3735	0.0083467	0.0083467
2.3736	-0.0053559	-0.0053559
2.3738	-0.020157	-0.020157
2.3739	-0.029862	-0.029862
2.374	-0.032364	-0.032395
2.3741	-0.019944	-0.019974
2.3743	-0.010025	-0.010025
2.3744	-0.010391	-0.010422
2.3745	-0.014145	-0.014145
2.3746	-0.012589	-0.012589
2.3748	-0.0056306	-0.0056306
2.3749	-0.005478	-0.005478
2.375	-0.0096895	-0.00972
2.3751	-0.014115	-0.014115
2.3753	-0.013687	-0.013657
2.3754	-0.0053864	-0.0053864
2.3755	0.0018769	0.0018769
2.3756	-0.00068666	-0.00071717
2.3758	-0.010147	-0.010147
2.3759	-0.011246	-0.011246
2.376	0.0027008	0.0027008
2.3761	0.017868	0.017868
2.3763	0.0215	0.02153
2.3764	0.020188	0.020157
2.3765	0.01326	0.013291
2.3766	0.00383	0.0037995
2.3768	0.0075227	0.0075227
2.3769	0.017227	0.017258
2.377	0.025406	0.025406
2.3771	0.028885	0.028885
2.3773	0.016068	0.016068
2.3774	0.0092012	0.0091707
2.3775	0.016617	0.016648
2.3776	0.018173	0.018204
2.3778	0.022995	0.022995
2.3779	0.022263	0.022263
2.378	0.0062409	0.0062409
2.3781	-0.0078584	-0.0078279
2.3783	-0.015274	-0.015274
2.3784	-0.0121	-0.01207
2.3785	0.0022126	0.0022126
2.3786	0.010086	0.010056
2.3788	0.0030976	0.0030671
2.3789	-0.0078584	-0.0078889
2.379	-0.019089	-0.019089
2.3791	-0.023636	-0.023636
2.3793	-0.015579	-0.015549
2.3794	-0.0099641	-0.0099641
2.3795	-0.015122	-0.015122
2.3796	-0.020859	-0.020859
2.3798	-0.019333	-0.019333
2.3799	-0.014542	-0.014542
2.38	-0.010178	-0.010178
2.3801	-0.0077668	-0.0077668
2.3803	-0.0066072	-0.0066072
2.3804	-0.0030671	-0.0030671
2.3805	-0.0019684	-0.0019684
2.3806	-0.0068818	-0.0069123
2.3808	-0.018479	-0.018479
2.3809	-0.031998	-0.031998
2.381	-0.029679	-0.029709
2.3811	-0.0098726	-0.0098726
2.3813	0.0081636	0.0081636
2.3814	0.014511	0.014511
2.3815	0.014786	0.014786
2.3816	0.0086519	0.0086519
2.3818	0.002121	0.002182
2.3819	0.0063935	0.0063935
2.382	0.0081331	0.0081636
2.3821	0.0095369	0.0095064
2.3823	0.014084	0.014084
2.3824	0.01033	0.01033
2.3825	0.015549	0.015579
2.3826	0.026658	0.026719
2.3828	0.027909	0.027909
2.3829	0.030808	0.030808
2.383	0.027207	0.027207
2.3831	0.012009	0.012039
2.3833	-0.00065614	-0.00068666
2.3834	-0.011521	-0.011582
2.3835	-0.013687	-0.013718
2.3836	-0.0014496	-0.0014801
2.3838	0.011185	0.011215
2.3839	0.018418	0.018418
2.384	0.017929	0.017929
2.3841	0.0067903	0.0067903
2.3843	-0.006424	-0.0064546
2.3844	-0.010636	-0.010636
2.3845	-0.0092622	-0.0092622
2.3846	-0.0090486	-0.0090486
2.3848	-0.010208	-0.010178
2.3849	-0.016251	-0.016281
2.385	-0.020981	-0.021012
2.3851	-0.017838	-0.017838
2.3853	-0.0088045	-0.0088045
2.3854	0.0029755	0.0029755
2.3855	0.0087739	0.0087434
2.3856	0.0027924	0.0027619
2.3858	-0.011215	-0.011215
2.3859	-0.027451	-0.027451
2.386	-0.03856	-0.03856
2.3861	-0.031662	-0.031632
2.3863	-0.011063	-0.011063
2.3864	0.0058442	0.0058442
2.3865	0.013504	0.013504
2.3866	0.014237	0.014237
2.3868	0.0084993	0.0085298
2.3869	0.00096132	0.0009308
2.387	-0.0012665	-0.0012665
2.3871	-0.0059358	-0.0059358
2.3873	-0.011856	-0.011856
2.3874	-0.012802	-0.012833
2.3875	-0.011765	-0.011765
2.3876	0.0023041	0.0023041
2.3878	0.021958	0.021958
2.3879	0.028397	0.028397
2.388	0.029068	0.029068
2.3881	0.024094	0.024063
2.3883	0.0103	0.0103
2.3884	-0.0022736	-0.0022736
2.3885	-0.014755	-0.014755
2.3886	-0.021866	-0.021866
2.3888	-0.014298	-0.014267
2.3889	0.0010224	0.00099184
2.389	0.016831	0.016831
2.3891	0.02681	0.02681
2.3893	0.025895	0.025864
2.3894	0.015793	0.015763
2.3895	0.0090486	0.0090181
2.3896	0.006302	0.0062715
2.3898	0.0013886	0.0013886
2.3899	-0.0038911	-0.0038911
2.39	-0.014237	-0.014206
2.3901	-0.019394	-0.019394
2.3903	-0.014115	-0.014084
2.3904	-0.0034333	-0.0034638
2.3905	0.011398	0.011398
2.3906	0.020066	0.020066
2.3908	0.016678	0.016678
2.3909	0.00383	0.0038605
2.391	-0.013809	-0.01384
2.3911	-0.031266	-0.031266
2.3913	-0.03682	-0.03682
2.3914	-0.027237	-0.027207
2.3915	-0.011734	-0.011734
2.3916	0.0034028	0.0034028
2.3918	0.013138	0.013138
2.3919	0.014481	0.014511
2.392	0.011307	0.011337
2.3921	0.0086519	0.0086519
2.3923	0.0036469	0.0036774
2.3924	-0.0034943	-0.0034638
2.3925	-0.012009	-0.012039
2.3926	-0.020249	-0.020249
2.3928	-0.014633	-0.014664
2.3929	0.0012055	0.0012055
2.393	0.013443	0.013443
2.3931	0.022019	0.022019
2.3933	0.0215	0.02153
2.3934	0.010788	0.010788
2.3935	0.0011444	0.0011444
2.3936	-0.0084382	-0.0084382
2.3938	-0.015061	-0.01503
2.3939	-0.013321	-0.013352
2.394	-0.0099641	-0.0099641
2.3941	-0.0023041	-0.0023041
2.3943	0.010269	0.010269
2.3944	0.018265	0.018265
2.3945	0.017258	0.017227
2.3946	0.01149	0.01149
2.3948	0.0039521	0.0038911
2.3949	-0.0030365	-0.003006
2.395	-0.0065766	-0.0065766
2.3951	-0.012894	-0.012894
2.3953	-0.019577	-0.019608
2.3954	-0.018967	-0.018997
2.3955	-0.012161	-0.012161
2.3956	0.0018769	0.0019074
2.3958	0.017899	0.017899
2.3959	0.024552	0.024552
2.396	0.020127	0.020127
2.3961	0.0083772	0.0083772
2.3963	-0.0086213	-0.0086213
2.3964	-0.019913	-0.019913
2.3965	-0.017288	-0.017288
2.3966	-0.0090791	-0.0090791
2.3968	0.00071717	0.00071717
2.3969	0.0090181	0.0090486
2.397	0.0090181	0.0090181
2.3971	0.0052338	0.0052644
2.3973	0.004593	0.004593
2.3974	0.0042267	0.0042878
2.3975	0.0038911	0.0038911
2.3976	0.0005951	0.0005951
2.3978	-0.0094453	-0.0094148
2.3979	-0.011429	-0.011429
2.398	-0.0056916	-0.0057221
2.3981	0.00050355	0.00050355
2.3983	0.011978	0.011978
2.3984	0.015854	0.015824
2.3985	0.011063	0.011063
2.3986	0.0068818	0.0068818
2.3988	-0.00099184	-0.00099184
2.3989	-0.0088045	-0.0088045
2.399	-0.013046	-0.013046
2.3991	-0.015427	-0.015427
2.3993	-0.0093233	-0.0093233
2.3994	0.0035859	0.0036164
2.3995	0.010758	0.010727
2.3996	0.01033	0.01033
2.3998	0.0057832	0.0058137
2.3999	0.00077821	0.00077821
2.4	-0.0017853	-0.0017548
2.4001	-0.0013581	-0.0013886
2.4003	-0.0034943	-0.0034943
2.4004	-0.0094148	-0.0094453
2.4005	-0.012253	-0.012222
2.4006	-0.012772	-0.012772
2.4008	-0.0082856	-0.0082246
2.4009	0.00074769	0.00074769
2.401	0.0084382	0.0084077
2.4011	0.012985	0.012985
2.4013	0.010452	0.010452
2.4014	0.0013581	0.0013581
2.4015	-0.0076143	-0.0076143
2.4016	-0.0093538	-0.0093538
2.4018	-0.0064546	-0.006424
2.4019	-0.0020294	-0.00206
2.402	0.0027619	0.0027924
2.4021	0.0036774	0.0036774
2.4023	0.0038605	0.0038605
2.4024	0.0065461	0.0065461
2.4025	0.0073091	0.0073396
2.4026	0.0063325	0.006363
2.4028	0.0023041	0.0023041
2.4029	-0.0052033	-0.0051728
2.403	-0.0048371	-0.0048371
2.4031	-7.6295e-05	-0.00010681
2.4033	0.0026703	0.0026398
2.4034	0.0070649	0.0070954
2.4035	0.0077668	0.0077668
2.4036	0.0059968	0.0059663
2.4038	0.006302	0.006302
2.4039	0.0029145	0.0029145
2.404	-0.0035859	-0.0036164
2.4041	-0.0082856	-0.0082856
2.4043	-0.0089876	-0.0090181
2.4044	-0.0020294	-0.00206
2.4045	0.0081331	0.0081636
2.4046	0.011582	0.011582
2.4048	0.007248	0.007248
2.4049	0.00010681	0.00010681
2.405	-0.0037385	-0.0037385
2.4051	-0.0034638	-0.0034638
2.4053	0.00047303	0.00044251
2.4054	0.00062562	0.0005951
2.4055	-0.0056611	-0.0056306
2.4056	-0.0083162	-0.0083467
2.4058	-0.0075227	-0.0074922
2.4059	-0.0049592	-0.0049287
2.406	-0.0023957	-0.0023957
2.4061	-0.00083925	-0.00086976
2.4063	4.5777e-05	4.5777e-05
2.4064	-0.00028992	-0.0002594
2.4065	-0.001236	-0.001236
2.4066	-0.00383	-0.00383
2.4068	-0.0040131	-0.0040131
2.4069	-0.0026703	-0.0027008
2.407	-0.0016632	-0.0016632
2.4071	0.00071717	0.00071717
2.4073	0.001236	0.001236
2.4074	-0.00019837	-0.00022889
2.4075	0.00038148	0.00041199
2.4076	4.5777e-05	1.5259e-05
2.4078	-0.0023041	-0.0022431
2.4079	-0.0036469	-0.0036469
2.408	-0.0049287	-0.0049592
2.4081	-0.0015412	-0.0015412
2.4083	0.0044404	0.0044404
2.4084	0.0078889	0.0078889
2.4085	0.010117	0.010117
2.4086	0.0090791	0.0090791
2.4088	0.0050813	0.0051118
2.4089	0.0020905	0.0020905
2.409	-0.0010834	-0.0010834
2.4091	-0.0050813	-0.0050507
2.4093	-0.0064851	-0.0064851
2.4094	-0.0050202	-0.0050202
2.4095	0.0017243	0.0017243
2.4096	0.011063	0.011063
2.4098	0.013901	0.013901
2.4099	0.0092927	0.0092927
2.41	0.0005951	0.00062562
2.4101	-0.0069429	-0.0069123
2.4103	-0.0087129	-0.0087129
2.4104	-0.0041047	-0.0040742
2.4105	-0.00086976	-0.00086976
2.4106	-0.0015412	-0.0015412
2.4108	-0.0017853	-0.0018158
2.4109	-0.0020294	-0.0020294
2.411	-0.00019837	-0.00022889
2.4111	0.0018158	0.0018158
2.4113	0.0023346	0.0023346
2.4114	0.0022431	0.0022431
2.4115	0.0002594	0.00028992
2.4116	-0.0019379	-0.0019074
2.4118	-0.0042878	-0.0042573
2.4119	-0.0045319	-0.004593
2.412	-0.0021515	-0.002182
2.4121	0.00041199	0.00041199
2.4123	0.0037079	0.0037079
2.4124	0.0053254	0.0053254
2.4125	0.0038911	0.0038911
2.4126	0.0032197	0.0031891
2.4128	0.00083925	0.00090028
2.4129	-0.0034028	-0.0033722
2.413	-0.0055085	-0.0055085
2.4131	-0.0077058	-0.0077058
2.4133	-0.007126	-0.0070954
2.4134	-0.0027314	-0.0027314
2.4135	0.0020905	0.0020905
2.4136	0.0064546	0.0064851
2.4138	0.0095064	0.0095369
2.4139	0.0094148	0.0093843
2.414	0.0057832	0.0058137
2.4141	-0.00056458	-0.00056458
2.4143	-0.0086213	-0.0085908
2.4144	-0.011246	-0.011246
2.4145	-0.0070954	-0.007126
2.4146	0.0010224	0.00099184
2.4148	0.0093843	0.0093843
2.4149	0.011154	0.011154
2.415	0.0077668	0.0077668
2.4151	0.0021515	0.002182
2.4153	-0.002945	-0.002945
2.4154	-0.0044709	-0.0045014
2.4155	-0.0033112	-0.0033417
2.4156	-0.00383	-0.00383
2.4158	-0.0061494	-0.0061494
2.4159	-0.0068208	-0.0068513
2.416	-0.0052644	-0.0052644
2.4161	-0.0014801	-0.0014496
2.4163	0.0023041	0.0023041
2.4164	0.0045014	0.0045319
2.4165	0.0050813	0.0050507
2.4166	0.0037079	0.0037079
2.4168	0.0010834	0.0010834
2.4169	-0.0025788	-0.0026093
2.417	-0.0058442	-0.0058442
2.4171	-0.0069734	-0.0069734
2.4173	-0.0065461	-0.0065766
2.4174	-0.0027619	-0.0027619
2.4175	0.0031891	0.0031891
2.4176	0.007248	0.0072786
2.4178	0.0091707	0.0092012
2.4179	0.0066682	0.0066682
2.418	0.0023957	0.0024567
2.4181	-0.00010681	-0.00010681
2.4183	-0.0021515	-0.002182
2.4184	-0.0033112	-0.0033417
2.4185	-0.0037079	-0.0036774
2.4186	-0.0033722	-0.0033417
2.4188	-0.00016785	-0.00016785
2.4189	0.0050507	0.0050813
2.419	0.0092012	0.0092012
2.4191	0.009659	0.0096895
2.4193	0.0042878	0.0043183
2.4194	-0.0034638	-0.0034638
2.4195	-0.0076753	-0.0076753
2.4196	-0.0076143	-0.0076143
2.4198	-0.0035859	-0.0036164
2.4199	0.001297	0.0012665
2.42	0.0032807	0.0032807
2.4201	0.0042878	0.0043183
2.4203	0.0040436	0.0040742
2.4204	0.003006	0.003006
2.4205	0.0032807	0.0032807
2.4206	0.0026703	0.0027008
2.4208	-0.00028992	-0.00028992
2.4209	-0.0044099	-0.0044404
2.421	-0.0078584	-0.0078584
2.4211	-0.0082246	-0.0082246
2.4213	-0.005539	-0.005539
2.4214	-0.0032502	-0.0032807
2.4215	-0.0011749	-0.0012055
2.4216	0.0009308	0.00096132
2.4218	0.0019074	0.0019379
2.4219	0.0037385	0.0037385
2.422	0.0035554	0.0035554
2.4221	7.6295e-05	7.6295e-05
2.4223	-0.0043183	-0.0043183
2.4224	-0.008896	-0.008896
2.4225	-0.0090791	-0.0090486
2.4226	-0.0044709	-0.0044709
2.4228	0.0015717	0.0015717
2.4229	0.006302	0.006302
2.423	0.0067292	0.0067292
2.4231	0.0045624	0.0045624
2.4233	0.0018158	0.0018158
2.4234	-0.00071717	-0.00065614
2.4235	-0.0027314	-0.0027314
2.4236	-0.0043488	-0.0043183
2.4238	-0.0045014	-0.0044709
2.4239	-0.0023346	-0.0023346
2.424	0.0019074	0.0019074
2.4241	0.0073091	0.0073091
2.4243	0.010666	0.010636
2.4244	0.0091096	0.0091096
2.4245	0.0049287	0.0048981
2.4246	0.00077821	0.00077821
2.4248	-0.0013581	-0.0013275
2.4249	-0.00068666	-0.00068666
2.425	-0.00013733	-0.00010681
2.4251	-0.00074769	-0.00071717
2.4253	-0.0024872	-0.0024872
2.4254	-0.002945	-0.002945
2.4255	-0.00038148	-0.00041199
2.4256	0.0035248	0.0035554
2.4258	0.0045014	0.0045014
2.4259	0.00050355	0.00050355
2.426	-0.0050507	-0.0049897
2.4261	-0.0085908	-0.0085603
2.4263	-0.0065156	-0.0065156
2.4264	-0.0025177	-0.0025177
2.4265	-0.00096132	-0.0009308
2.4266	-0.0011139	-0.0010834
2.4268	-0.0016938	-0.0017243
2.4269	0.00016785	0.00019837
2.427	0.0037995	0.0037995
2.4271	0.0049287	0.0049287
2.4273	0.0029145	0.002945
2.4274	-0.00083925	-0.00083925
2.4275	-0.0054475	-0.0054475
2.4276	-0.006424	-0.006424
2.4278	-0.0041047	-0.0041047
2.4279	-0.0010834	-0.0010529
2.428	0.0022126	0.0022126
2.4281	0.0039216	0.0039216
2.4283	0.0048676	0.0048981
2.4284	0.0051118	0.0050813
2.4285	0.0034943	0.0034943
2.4286	0.00068666	0.00068666
2.4288	-0.0018463	-0.0018463
2.4289	-0.0035248	-0.0035554
2.429	-0.0034028	-0.0034333
2.4291	-0.0011444	-0.0011444
2.4293	0.0017548	0.0017243
2.4294	0.0032502	0.0032197
2.4295	0.0029755	0.0029755
2.4296	0.0018158	0.0018158
2.4298	-4.5777e-05	-1.5259e-05
2.4299	-0.00071717	-0.00068666
2.43	-0.0002594	-0.00022889
2.4301	0.00068666	0.00068666
2.4303	0.001236	0.001236
2.4304	-0.00032044	-0.00028992
2.4305	-0.00083925	-0.00083925
2.4306	0.00071717	0.00071717
2.4308	0.002182	0.002182
2.4309	0.0026093	0.0026093
2.431	0.00068666	0.00071717
2.4311	-0.0034943	-0.0034943
2.4313	-0.0057832	-0.0057832
2.4314	-0.004593	-0.0045624
2.4315	-0.002182	-0.002182
2.4316	0.00053407	0.00056458
2.4318	0.00090028	0.00090028
2.4319	-0.00071717	-0.00071717
2.432	-0.00090028	-0.00090028
2.4321	-0.00062562	-0.00065614
2.4323	0.00013733	0.00016785
2.4324	0.00206	0.0020294
2.4325	0.0013886	0.0013886
2.4326	-0.00083925	-0.00083925
2.4328	-0.0017548	-0.0017548
2.4329	-0.0016938	-0.0017243
2.433	-0.00077821	-0.00077821
2.4331	0.00068666	0.00071717
2.4333	0.001297	0.0013275
2.4334	0.0015412	0.0015412
2.4335	0.0023346	0.0023041
2.4336	0.0018463	0.0018463
2.4338	0.0012665	0.001236
2.4339	0.00096132	0.00096132
2.434	0.00062562	0.00065614
2.4341	0.00080873	0.00080873
2.4343	0.0010224	0.0010529
2.4344	0.00206	0.00206
2.4345	0.002945	0.002945
2.4346	0.0025788	0.0025483
2.4348	0.0017853	0.0017853
2.4349	0.00013733	0.00013733
2.435	-0.0009308	-0.00090028
2.4351	-0.00010681	-0.00010681
2.4353	0.00071717	0.00074769
2.4354	0.0010529	0.0010224
2.4355	-4.5777e-05	-4.5777e-05
2.4356	-0.001236	-0.001236
2.4358	-0.00056458	-0.00056458
2.4359	0.00019837	0.00016785
2.436	0.00083925	0.00083925
2.4361	-0.00028992	-0.0002594
2.4363	-0.0035859	-0.0036164
2.4364	-0.0048676	-0.0048981
2.4365	-0.0033112	-0.0033112
2.4366	-0.00077821	-0.00077821
2.4368	0.0015106	0.0015106
2.4369	0.0016938	0.0016938
2.437	-4.5777e-05	-4.5777e-05
2.4371	-0.0010224	-0.0010529
2.4373	-0.0025177	-0.0025483
2.4374	-0.0035554	-0.0035248
2.4375	-0.0027008	-0.0026703
2.4376	-0.0025177	-0.0025177
2.4378	-0.0019379	-0.0019379
2.4379	-0.00074769	-0.00074769
2.438	-0.00062562	-0.00065614
2.4381	-0.00077821	-0.00074769
2.4383	0.00016785	0.00019837
2.4384	0.00096132	0.00096132
2.4385	0.0011139	0.0011139
2.4386	0.0011749	0.0011749
2.4388	-0.00019837	-0.00016785
2.4389	-0.0016327	-0.0016327
2.439	-0.0019074	-0.0019074
2.4391	-0.0014801	-0.0014801
2.4393	-0.00013733	-0.00016785
2.4394	0.0013275	0.0013581
2.4395	0.0025483	0.0025483
2.4396	0.0041352	0.0041352
2.4398	0.004593	0.004593
2.4399	0.0040436	0.0040742
2.44	0.0023651	0.0023651
2.4401	4.5777e-05	1.5259e-05
2.4403	-0.00071717	-0.00071717
2.4404	0.0002594	0.00028992
2.4405	0.0020905	0.0020905
2.4406	0.0024262	0.0024567
2.4408	0.0017548	0.0017243
2.4409	0.0017243	0.0017548
2.441	0.0019684	0.0019684
2.4411	0.0027008	0.0027008
2.4413	0.0024262	0.0024567
2.4414	-0.00074769	-0.00074769
2.4415	-0.0034943	-0.0034638
2.4416	-0.0041657	-0.0041657
2.4418	-0.0027924	-0.0027924
2.4419	-0.00035096	-0.00032044
2.442	0.0011139	0.0011444
2.4421	0.0019379	0.0019379
2.4423	0.0023346	0.0023346
2.4424	0.0019379	0.0019379
2.4425	0.00028992	0.0002594
2.4426	-0.0014801	-0.0014801
2.4428	-0.0031586	-0.0031586
2.4429	-0.0034028	-0.0034028
2.443	-0.0021515	-0.002182
2.4431	-0.00096132	-0.00090028
2.4433	-7.6295e-05	-0.00010681
2.4434	-0.00022889	-0.00022889
2.4435	-0.00053407	-0.00053407
2.4436	-0.00077821	-0.00077821
2.4438	-0.00068666	-0.00068666
2.4439	-0.0013275	-0.001297
2.444	-0.0019684	-0.0019684
2.4441	-0.0018769	-0.0019074
2.4443	-0.002121	-0.0020905
2.4444	-0.0014191	-0.0014191
2.4445	-0.0013275	-0.0013275
2.4446	-0.0011444	-0.0011139
2.4448	4.5777e-05	4.5777e-05
2.4449	0.0011444	0.0011139
2.445	0.0013275	0.0013275
2.4451	0.00053407	0.00053407
2.4453	-0.00090028	-0.00086976
2.4454	-0.0016938	-0.0016938
2.4455	-0.00053407	-0.00053407
2.4456	0.00053407	0.00050355
2.4458	0.00044251	0.00044251
2.4459	-0.00062562	-0.0005951
2.446	-0.0011139	-0.0010834
2.4461	0.00028992	0.0002594
2.4463	0.0027924	0.0027924
2.4464	0.0044404	0.0044404
2.4465	0.0033417	0.0033417
2.4466	0.0011749	0.0011444
2.4468	-0.00044251	-0.00041199
2.4469	-0.00016785	-0.00013733
2.447	0.0015412	0.0015106
2.4471	0.0024872	0.0024872
2.4473	0.0028229	0.0028229
2.4474	0.0024567	0.0024567
2.4475	0.00077821	0.00080873
2.4476	-0.00071717	-0.00071717
2.4478	-0.0013581	-0.0013581
2.4479	-0.0016938	-0.0016938
2.448	-0.0013275	-0.0013275
2.4481	-0.00013733	-0.00013733
2.4483	0.0013886	0.0013581
2.4484	0.0025177	0.0025177
2.4485	0.0027008	0.0027008
2.4486	0.0018769	0.0018463
2.4488	0.00032044	0.00035096
2.4489	-0.00096132	-0.00099184
2.449	-0.0016632	-0.0016327
2.4491	-0.0011139	-0.0011139
2.4493	-0.00056458	-0.00056458
2.4494	-0.00083925	-0.00083925
2.4495	-0.0012055	-0.001236
2.4496	-0.0019379	-0.0019379
2.4498	-0.0018463	-0.0018463
2.4499	-0.00065614	-0.0005951
2.45	0.00035096	0.00032044
2.4501	0.00028992	0.00028992
2.4503	-0.0005951	-0.0005951
2.4504	-0.0016022	-0.0016022
2.4505	-0.0017243	-0.0017243
2.4506	-0.0005951	-0.0005951
2.4508	0.00010681	0.00010681
2.4509	-4.5777e-05	-7.6295e-05
2.451	-0.00074769	-0.00074769
2.4511	-0.0013275	-0.0013275
2.4513	-0.00062562	-0.00062562
2.4514	0.00096132	0.00096132
2.4515	0.0024262	0.0024262
2.4516	0.0016327	0.0016327
2.4518	-0.00080873	-0.00083925
2.4519	-0.0018769	-0.0018769
2.452	-0.0015106	-0.0015412
2.4521	0.0005951	0.0005951
2.4523	0.002884	0.0029145
2.4524	0.0036164	0.0036774
2.4525	0.0025483	0.0025483
2.4526	0.00044251	0.00044251
2.4528	-0.00041199	-0.00038148
2.4529	-0.00019837	-0.00019837
2.453	-0.00068666	-0.00065614
2.4531	-0.0014496	-0.0014496
2.4533	-0.0018463	-0.0018463
2.4534	-0.0016327	-0.0016327
2.4535	0.00022889	0.00019837
2.4536	0.0014191	0.0014191
2.4538	0.0010529	0.0010529
2.4539	-0.00013733	-0.00016785
2.454	-0.0019074	-0.0018769
2.4541	-0.0023346	-0.0023346
2.4543	-0.001236	-0.001236
2.4544	-0.00019837	-0.00019837
2.4545	0.00013733	0.00016785
2.4546	-0.00038148	-0.00038148
2.4548	-0.0013275	-0.0013275
2.4549	-0.00086976	-0.00083925
2.455	0.00019837	0.00016785
2.4551	0.0013581	0.0013581
2.4553	0.0014801	0.0014801
2.4554	0.00013733	0.00013733
2.4555	-0.0009308	-0.00096132
2.4556	-0.0010224	-0.00099184
2.4558	-0.00022889	-0.00022889
2.4559	0.0010834	0.0010834
2.456	0.0023957	0.0024262
2.4561	0.0011749	0.0011444
2.4563	0.00062562	0.0005951
2.4564	0.0017853	0.0017853
2.4565	0.0033722	0.0034028
2.4566	0.0052033	0.0052338
2.4568	0.0041047	0.0041047
2.4569	0.0015412	0.0015412
2.457	0.0009308	0.0009308
2.4571	0.00019837	0.00022889
2.4573	0.00019837	0.00022889
2.4574	0.0015106	0.0015106
2.4575	0.0010834	0.0010834
2.4576	0.00035096	0.00032044
2.4578	-0.00056458	-0.00053407
2.4579	-0.0010224	-0.00099184
2.458	0.00019837	0.00019837
2.4581	0.00071717	0.00071717
2.4583	0.00019837	0.00019837
2.4584	-0.001236	-0.001236
2.4585	-0.0017243	-0.0017548
2.4586	-0.0009308	-0.0009308
2.4588	0.00013733	0.00013733
2.4589	0.00090028	0.00090028
2.459	0.00044251	0.00041199
2.4591	-0.00086976	-0.00083925
2.4593	-0.0015106	-0.0015412
2.4594	-0.00071717	-0.00071717
2.4595	-0.0005951	-0.0005951
2.4596	-0.00071717	-0.00068666
2.4598	-0.0019379	-0.0019074
2.4599	-0.0032197	-0.0031891
2.46	-0.0027008	-0.0027008
2.4601	-0.0020294	-0.0020294
2.4603	-0.0013886	-0.0013886
2.4604	-0.00065614	-0.00068666
2.4605	-0.00074769	-0.00071717
2.4606	-0.0011749	-0.0011749
2.4608	-0.0009308	-0.0009308
2.4609	-0.00077821	-0.00077821
2.461	-0.00032044	-0.00028992
2.4611	-0.00028992	-0.00032044
2.4613	-0.0011444	-0.0011444
2.4614	-0.0013581	-0.0013275
2.4615	-0.00090028	-0.00086976
2.4616	0.00010681	0.00013733
2.4618	0.0015717	0.0015717
2.4619	0.0019684	0.0019684
2.462	0.001236	0.001236
2.4621	0.0005951	0.0005951
2.4623	-0.00022889	-0.0002594
2.4624	-0.00013733	-0.00013733
2.4625	0.0005951	0.0005951
2.4626	0.00068666	0.00071717
2.4628	0.00068666	0.00065614
2.4629	0.00041199	0.00041199
2.463	0.00065614	0.00065614
2.4631	0.0018463	0.0018463
2.4633	0.0024872	0.0024872
2.4634	0.0018158	0.0017853
2.4635	0.00035096	0.00032044
2.4636	-0.00077821	-0.00077821
2.4638	-0.00099184	-0.00099184
2.4639	-0.00044251	-0.00044251
2.464	0.00044251	0.00041199
2.4641	0.00096132	0.0009308
2.4643	0.00071717	0.00071717
2.4644	0.00056458	0.00056458
2.4645	0.00074769	0.00077821
2.4646	0.0011749	0.0011749
2.4648	0.00086976	0.00086976
2.4649	0.00010681	0.00010681
2.465	-0.0002594	-0.00028992
2.4651	-0.00028992	-0.0002594
2.4653	-0.0002594	-0.0002594
2.4654	-0.00010681	-0.00010681
2.4655	-7.6295e-05	-7.6295e-05
2.4656	-0.00010681	-0.00013733
2.4658	0.00010681	0.00010681
2.4659	0.00028992	0.00028992
2.466	0.00062562	0.00062562
2.4661	0.00053407	0.00056458
2.4663	1.5259e-05	4.5777e-05
2.4664	-0.00086976	-0.00083925
2.4665	-0.0010529	-0.0010529
2.4666	-0.00074769	-0.00071717
2.4668	-1.5259e-05	-1.5259e-05
2.4669	0.00090028	0.0009308
2.467	0.00080873	0.00083925
2.4671	0.00038148	0.00035096
2.4673	-0.00053407	-0.00053407
2.4674	-0.0016327	-0.0016632
2.4675	-0.0017243	-0.0017243
2.4676	-0.0019074	-0.0018769
2.4678	-0.0018463	-0.0018463
2.4679	-0.0015106	-0.0014801
2.468	-0.0009308	-0.0009308
2.4681	0.00035096	0.00035096
2.4683	0.0014801	0.0014801
2.4684	0.0016327	0.0016327
2.4685	0.0005951	0.0005951
2.4686	-0.0011444	-0.0011444
2.4688	-0.0016938	-0.0016327
2.4689	-0.0012055	-0.0012055
2.469	0.00028992	0.00028992
2.4691	0.0025177	0.0025177
2.4693	0.0036164	0.0036164
2.4694	0.0033722	0.0034028
2.4695	0.0016022	0.0016022
2.4696	0.00013733	0.00013733
2.4698	-0.00038148	-0.00035096
2.4699	-0.0011139	-0.0010834
2.47	-0.00083925	-0.00080873
2.4701	-0.00035096	-0.00038148
2.4703	-0.0012665	-0.0012665
2.4704	-0.0009308	-0.00090028
2.4705	-0.00071717	-0.00071717
2.4706	0.00022889	0.0002594
2.4708	0.0016632	0.0016938
2.4709	0.00041199	0.00038148
2.471	-0.00038148	-0.00041199
2.4711	-0.00086976	-0.00090028
2.4713	-0.0018769	-0.0018463
2.4714	-0.0016327	-0.0016022
2.4715	-0.0028534	-0.0028534
2.4716	-0.0039826	-0.0040131
2.4718	-0.003006	-0.0029755
2.4719	-0.0016632	-0.0016632
2.472	0.00062562	0.00062562
2.4721	0.0016327	0.0016327
2.4723	7.6295e-05	4.5777e-05
2.4724	-0.0011749	-0.0011749
2.4725	-0.0026093	-0.0026093
2.4726	-0.0029755	-0.003006
2.4728	-0.0018158	-0.0018158
2.4729	-0.0016022	-0.0016022
2.473	-0.0011444	-0.0011749
2.4731	-0.00032044	-0.00035096
2.4733	-0.00022889	-0.00019837
2.4734	0.0010834	0.0010834
2.4735	0.001297	0.0013275
2.4736	0.00010681	0.00013733
2.4738	0.00022889	0.00019837
2.4739	-0.0005951	-0.0005951
2.474	-0.00050355	-0.00056458
2.4741	0.00056458	0.00053407
2.4743	0.00062562	0.00062562
2.4744	0.0012665	0.0012665
2.4745	0.00099184	0.00099184
2.4746	-0.00099184	-0.00099184
2.4748	-0.0012665	-0.001236
2.4749	-0.0011749	-0.0012055
2.475	-0.0010834	-0.0011139
2.4751	0.0012665	0.001236
2.4753	0.0031891	0.0031891
2.4754	0.0036774	0.0037079
2.4755	0.0041962	0.0041352
2.4756	0.0039826	0.0040131
2.4758	0.0045624	0.0045624
2.4759	0.0050813	0.0050507
2.476	0.0039826	0.0039521
2.4761	0.0037385	0.0037385
2.4763	0.0044709	0.0044709
2.4764	0.0055695	0.0055695
2.4765	0.0075227	0.0075532
2.4766	0.0069429	0.0069429
2.4768	0.0050813	0.0050507
2.4769	0.0041657	0.0041962
2.477	0.0024567	0.0024567
2.4771	0.0022736	0.0022736
2.4773	0.0016632	0.0016632
2.4774	-0.0005951	-0.00062562
2.4775	-0.0020905	-0.00206
2.4776	-0.0041352	-0.0041352
2.4778	-0.0057221	-0.0057221
2.4779	-0.0058442	-0.0058137
2.478	-0.0067597	-0.0067597
2.4781	-0.0065461	-0.0065461
2.4783	-0.0064851	-0.0064851
2.4784	-0.0078279	-0.0078279
2.4785	-0.0078889	-0.0078584
2.4786	-0.0089265	-0.0089265
2.4788	-0.011002	-0.011002
2.4789	-0.012314	-0.012345
2.479	-0.015	-0.015
2.4791	-0.016617	-0.016587
2.4793	-0.01622	-0.016281
2.4794	-0.015457	-0.015457
2.4795	-0.011643	-0.011673
2.4796	-0.0067903	-0.0067597
2.4798	-0.0010529	-0.0010834
2.4799	0.0058747	0.0058747
2.48	0.0096284	0.0096284
2.4801	0.011765	0.011765
2.4803	0.012863	0.012863
2.4804	0.011795	0.011795
2.4805	0.011368	0.011337
2.4806	0.010636	0.010636
2.4808	0.011154	0.011185
2.4809	0.014481	0.014481
2.481	0.017411	0.017411
2.4811	0.02031	0.02031
2.4813	0.02211	0.02208
2.4814	0.021805	0.021805
2.4815	0.020005	0.020005
2.4816	0.015518	0.015549
2.4818	0.010452	0.010452
2.4819	0.0059968	0.0060273
2.482	0.0018463	0.0018769
2.4821	-0.00071717	-0.00071717
2.4823	-0.0027619	-0.0027619
2.4824	-0.0041352	-0.0041352
2.4825	-0.0053864	-0.005417
2.4826	-0.0084382	-0.0084382
2.4828	-0.011826	-0.011826
2.4829	-0.014694	-0.014694
2.483	-0.016587	-0.016587
2.4831	-0.015946	-0.015976
2.4833	-0.015091	-0.015091
2.4834	-0.016129	-0.016129
2.4835	-0.018845	-0.018875
2.4836	-0.023911	-0.023941
2.4838	-0.028092	-0.028092
2.4839	-0.030411	-0.030411
2.484	-0.031388	-0.031388
2.4841	-0.027695	-0.027695
2.4843	-0.019791	-0.01976
2.4844	-0.0087434	-0.0087129
2.4845	0.0059358	0.0059052
2.4846	0.016556	0.016587
2.4848	0.021836	0.021866
2.4849	0.022843	0.022843
2.485	0.018021	0.018021
2.4851	0.01326	0.01326
2.4853	0.0086824	0.0087129
2.4854	0.0077668	0.0077363
2.4855	0.013016	0.013016
2.4856	0.020279	0.020279
2.4858	0.027543	0.027543
2.4859	0.033433	0.033402
2.486	0.035721	0.035691
2.4861	0.033005	0.033005
2.4863	0.027512	0.027512
2.4864	0.018479	0.018479
2.4865	0.010758	0.010727
2.4866	0.0067292	0.0067292
2.4868	0.00206	0.00206
2.4869	0.0014801	0.0014801
2.487	0.0017548	0.0017243
2.4871	-0.00044251	-0.00041199
2.4873	-0.001297	-0.0013275
2.4874	-0.006302	-0.0062715
2.4875	-0.012863	-0.012863
2.4876	-0.016678	-0.016709
2.4878	-0.020645	-0.020584
2.4879	-0.020615	-0.020584
2.488	-0.02034	-0.020371
2.4881	-0.023239	-0.023209
2.4883	-0.025681	-0.025681
2.4884	-0.031022	-0.031052
2.4885	-0.037339	-0.037339
2.4886	-0.039597	-0.039597
2.4888	-0.040726	-0.040757
2.4889	-0.039689	-0.039719
2.489	-0.031662	-0.031662
2.4891	-0.01915	-0.01915
2.4893	0.0013886	0.0013886
2.4894	0.021317	0.021317
2.4895	0.029801	0.029801
2.4896	0.031815	0.031846
2.4898	0.023545	0.023545
2.4899	0.011368	0.011337
2.49	0.004715	0.004715
2.4901	0.0012665	0.0012665
2.4903	0.0079194	0.0079805
2.4904	0.020584	0.020584
2.4905	0.031083	0.031113
2.4906	0.040818	0.040818
2.4908	0.042313	0.042313
2.4909	0.037064	0.037064
2.491	0.029557	0.029587
2.4911	0.018936	0.018936
2.4913	0.011307	0.011307
2.4914	0.0067597	0.0067292
2.4915	0.0045014	0.0045014
2.4916	0.0050202	0.0050202
2.4918	0.0057527	0.0057221
2.4919	0.0052949	0.0052949
2.492	0.0032807	0.0033112
2.4921	-0.0010529	-0.0010224
2.4923	-0.0068513	-0.0068818
2.4924	-0.010788	-0.010758
2.4925	-0.013474	-0.013443
2.4926	-0.014786	-0.014755
2.4928	-0.017441	-0.017441
2.4929	-0.022995	-0.022995
2.493	-0.029099	-0.029099
2.4931	-0.036301	-0.036271
2.4933	-0.042069	-0.042069
2.4934	-0.044968	-0.044968
2.4935	-0.045884	-0.045853
2.4936	-0.044327	-0.044297
2.4938	-0.039445	-0.039414
2.4939	-0.026993	-0.027024
2.494	-0.0061189	-0.0060883
2.4941	0.016434	0.016403
2.4943	0.032059	0.032029
2.4944	0.035325	0.035355
2.4945	0.028519	0.02855
2.4946	0.016556	0.016587
2.4948	0.0037995	0.0037995
2.4949	-0.0035554	-0.0035554
2.495	-0.00074769	-0.00074769
2.4951	0.011978	0.012009
2.4953	0.029557	0.029557
2.4954	0.042466	0.042496
2.4955	0.045243	0.045304
2.4956	0.040391	0.040391
2.4958	0.029099	0.029129
2.4959	0.019394	0.019364
2.496	0.013993	0.013993
2.4961	0.0095369	0.0095369
2.4963	0.0094453	0.0094759
2.4964	0.0071565	0.0071565
2.4965	0.0055085	0.0055085
2.4966	0.0059358	0.0059358
2.4968	0.0023346	0.0023651
2.4969	-0.00071717	-0.00071717
2.497	-0.0059968	-0.0059968
2.4971	-0.010086	-0.010086
2.4973	-0.0085603	-0.0085603
2.4974	-0.0089265	-0.0089265
2.4975	-0.012009	-0.012009
2.4976	-0.020005	-0.019974
2.4978	-0.03267	-0.03267
2.4979	-0.042039	-0.042039
2.498	-0.04799	-0.04799
2.4981	-0.050217	-0.050248
2.4983	-0.048569	-0.0486
2.4984	-0.044968	-0.044968
2.4985	-0.039109	-0.039139
2.4986	-0.024063	-0.024094
2.4988	-0.0029755	-0.0029755
2.4989	0.018662	0.018692
2.499	0.037461	0.037461
2.4991	0.037644	0.037644
2.4993	0.027756	0.027726
2.4994	0.013352	0.013352
2.4995	-0.0043183	-0.0043488
2.4996	-0.0093538	-0.0093233
2.4998	-0.0070039	-0.0070344
2.4999	0.0068818	0.0068818
2.5	0.029618	0.029587
2.5001	0.043656	0.043656
2.5003	0.048783	0.048814
2.5004	0.039506	0.039506
2.5005	0.023636	0.023636
2.5006	0.015457	0.015427
2.5008	0.012772	0.012772
2.5009	0.014755	0.014755
2.501	0.015366	0.015366
2.5011	0.010208	0.010239
2.5013	0.0070954	0.007126
2.5014	0.0071565	0.007126
2.5015	0.00795	0.008011
2.5016	0.0074617	0.0074617
2.5018	0.00019837	0.00016785
2.5019	-0.0103	-0.01033
2.502	-0.012589	-0.012619
2.5021	-0.0084688	-0.0084993
2.5023	-0.0034333	-0.0034638
2.5024	-0.0058747	-0.0058747
2.5025	-0.024552	-0.024521
2.5026	-0.043626	-0.043626
2.5028	-0.053544	-0.053544
2.5029	-0.053513	-0.053513
2.503	-0.045914	-0.045914
2.5031	-0.044266	-0.044266
2.5033	-0.049119	-0.049119
2.5034	-0.048203	-0.048173
2.5035	-0.025834	-0.025864
2.5036	0.010697	0.010697
2.5038	0.043534	0.043534
2.5039	0.054124	0.054093
2.504	0.034897	0.034897
2.5041	0.013321	0.013321
2.5043	-0.0040131	-0.0040436
2.5044	-0.016526	-0.016556
2.5045	-0.014878	-0.014847
2.5046	-0.0093843	-0.0094148
2.5048	0.011582	0.011612
2.5049	0.042679	0.042649
2.505	0.058671	0.058701
2.5051	0.057725	0.057755
2.5053	0.033066	0.033066
2.5054	0.0040436	0.0040436
2.5055	-0.004715	-0.0046845
2.5056	0.0056001	0.0056306
2.5058	0.024674	0.024643
2.5059	0.031296	0.031296
2.506	0.018204	0.018204
2.5061	0.0044099	0.0044404
2.5063	0.0043183	0.0042878
2.5064	0.011551	0.011551
2.5065	0.017136	0.017105
2.5066	0.0044404	0.0044709
2.5068	-0.015579	-0.015579
2.5069	-0.016983	-0.016983
2.507	-0.0052949	-0.0052949
2.5071	0.011368	0.011368
2.5073	0.0093233	0.0093233
2.5074	-0.020218	-0.020157
2.5075	-0.052506	-0.052445
2.5076	-0.067948	-0.067918
2.5078	-0.053635	-0.053635
2.5079	-0.029679	-0.029709
2.508	-0.024826	-0.024796
2.5081	-0.042924	-0.042954
2.5083	-0.07332	-0.07332
2.5084	-0.06511	-0.06511
2.5085	-0.0079805	-0.00795
2.5086	0.050614	0.050614
2.5088	0.08513	0.085161
2.5089	0.062455	0.062455
2.509	0.016526	0.016526
2.5091	-0.0052033	-0.0051728
2.5093	-0.022477	-0.022446
2.5094	-0.02623	-0.02623
2.5095	-0.026566	-0.026535
2.5096	-0.019394	-0.019394
2.5098	0.021744	0.021744
2.5099	0.064073	0.064073
2.51	0.079973	0.079973
2.5101	0.0598	0.059739
2.5103	0.010025	0.010056
2.5104	-0.022232	-0.022232
2.5105	-0.017899	-0.017929
2.5106	0.0057527	0.0057221
2.5108	0.027115	0.027085
2.5109	0.023301	0.023301
2.511	0.0088655	0.0088655
2.5111	0.0088655	0.008896
2.5113	0.024216	0.024247
2.5114	0.035416	0.035447
2.5115	0.019821	0.019791
2.5116	-0.018448	-0.018418
2.5118	-0.045914	-0.045914
2.5119	-0.030625	-0.030594
2.512	0.010697	0.010697
2.5121	0.03975	0.03978
2.5123	0.024918	0.024887
2.5124	-0.024338	-0.024338
2.5125	-0.062943	-0.062943
2.5126	-0.07219	-0.07219
2.5128	-0.040574	-0.040543
2.5129	-0.0064851	-0.0064851
2.513	-0.012711	-0.012711
2.5131	-0.044785	-0.044785
2.5133	-0.097856	-0.097856
2.5134	-0.096056	-0.096056
2.5135	-0.0055695	-0.005539
2.5136	0.079606	0.079606
2.5138	0.12261	0.12264
2.5139	0.082444	0.082475
2.514	-0.0060273	-0.0059968
2.5141	-0.034165	-0.034165
2.5143	-0.036881	-0.036912
2.5144	-0.031357	-0.031357
2.5145	-0.021683	-0.021653
2.5146	-0.02858	-0.02858
2.5148	0.0076753	0.0076753
2.5149	0.066117	0.066087
2.515	0.09398	0.09398
2.5151	0.082628	0.082658
2.5153	0.015	0.014969
2.5154	-0.04332	-0.04332
2.5155	-0.043961	-0.043961
2.5156	-0.013657	-0.013657
2.5158	0.026902	0.026932
2.5159	0.027726	0.027695
2.516	0.0076143	0.0076448
2.5161	0.013352	0.013352
2.5163	0.032639	0.032639
2.5164	0.058885	0.058854
2.5165	0.040482	0.040513
2.5166	-0.0215	-0.0215
2.5168	-0.061845	-0.061814
2.5169	-0.05864	-0.05861
2.517	0.0035248	0.0035248
2.5171	0.061814	0.061814
2.5173	0.048142	0.048173
2.5174	-0.0063325	-0.006363
2.5175	-0.061173	-0.061173
2.5176	-0.065354	-0.065354
2.5178	-0.024765	-0.024765
2.5179	0.0041352	0.0041657
2.518	-0.0017853	-0.0018158
2.5181	-0.053819	-0.053819
2.5183	-0.10826	-0.10826
2.5184	-0.12844	-0.1284
2.5185	-0.065507	-0.065507
2.5186	0.064469	0.064469
2.5188	0.1328	0.13283
2.5189	0.1259	0.1259
2.519	0.040146	0.040085
2.5191	-0.046983	-0.046952
2.5193	-0.040116	-0.040146
2.5194	-0.036057	-0.036027
2.5195	-0.035691	-0.035691
2.5196	-0.034104	-0.034104
2.5198	-0.034653	-0.034653
2.5199	0.037522	0.037491
2.52	0.11229	0.11229
2.5201	0.12468	0.12471
2.5203	0.071122	0.071122
2.5204	-0.034684	-0.034684
2.5205	-0.085649	-0.085649
2.5206	-0.051499	-0.051469
2.5208	0.013107	0.013107
2.5209	0.054307	0.054307
2.521	0.030838	0.030869
2.5211	-0.0034333	-0.0034638
2.5213	0.0019989	0.0020294
2.5214	0.045579	0.045579
2.5215	0.075792	0.075761
2.5216	0.032883	0.032883
2.5218	-0.045457	-0.045457
2.5219	-0.083696	-0.083726
2.522	-0.032456	-0.032486
2.5221	0.055436	0.055406
2.5223	0.084001	0.084001
2.5224	0.028855	0.028885
2.5225	-0.057816	-0.057786
2.5226	-0.083513	-0.083513
2.5228	-0.036301	-0.036301
2.5229	0.018906	0.018936
2.523	0.017258	0.017227
2.5231	-0.042222	-0.042252
2.5233	-0.10167	-0.1017
2.5234	-0.11339	-0.11339
2.5235	-0.0851	-0.0851
2.5236	-0.052934	-0.052964
2.5238	0.0099641	0.0099336
2.5239	0.07039	0.07039
2.524	0.097124	0.097093
2.5241	0.098344	0.098344
2.5243	0.030014	0.030014
2.5244	-0.017288	-0.017288
2.5245	-0.039963	-0.039933
2.5246	-0.082261	-0.082261
2.5248	-0.066636	-0.066636
2.5249	-0.03859	-0.03856
2.525	0.023728	0.023728
2.5251	0.114	0.114
2.5253	0.12844	0.1284
2.5254	0.089555	0.089555
2.5255	0.00044251	0.00044251
2.5256	-0.082597	-0.082597
2.5258	-0.072496	-0.072435
2.5259	-0.017716	-0.017685
2.526	0.036332	0.036301
2.5261	0.052049	0.052049
2.5263	0.017929	0.017929
2.5264	0.0080415	0.0080415
2.5265	0.025956	0.025956
2.5266	0.045975	0.045975
2.5268	0.055161	0.055131
2.5269	0.015488	0.015488
2.527	-0.032334	-0.032334
2.5271	-0.033768	-0.033768
2.5273	0.0049287	0.0049592
2.5274	0.050309	0.05034
2.5275	0.047776	0.047745
2.5276	-0.013535	-0.013504
2.5278	-0.061082	-0.061082
2.5279	-0.057023	-0.057023
2.528	-0.014786	-0.014786
2.5281	0.019699	0.019699
2.5283	-0.0095674	-0.0095369
2.5284	-0.059586	-0.059586
2.5285	-0.085801	-0.085801
2.5286	-0.081254	-0.081254
2.5288	-0.054368	-0.054368
2.5289	-0.071489	-0.071458
2.529	-0.056443	-0.056474
2.5291	0.041337	0.041367
2.5293	0.10658	0.10655
2.5294	0.14488	0.14488
2.5295	0.075761	0.075761
2.5296	-0.049729	-0.049699
2.5298	-0.069871	-0.069902
2.5299	-0.087968	-0.087968
2.53	-0.050034	-0.050065
2.5301	0.0033722	0.0033417
2.5303	-0.00010681	-0.00013733
2.5304	0.055497	0.055497
2.5305	0.085771	0.085771
2.5306	0.081163	0.081163
2.5308	0.052354	0.052323
2.5309	-0.035782	-0.035782
2.531	-0.066636	-0.066606
2.5311	-0.02739	-0.027359
2.5313	0.023941	0.023941
2.5314	0.066941	0.066972
2.5315	0.035019	0.03505
2.5316	-0.018967	-0.018967
2.5318	-0.011795	-0.011795
2.5319	0.023331	0.023331
2.532	0.07158	0.07158
2.5321	0.07277	0.072801
2.5323	0.0057832	0.0057832
2.5324	-0.041062	-0.041093
2.5325	-0.029801	-0.029801
2.5326	0.018692	0.018692
2.5328	0.059007	0.059007
2.5329	0.026169	0.026169
2.533	-0.050065	-0.050034
2.5331	-0.08867	-0.08867
2.5333	-0.06627	-0.06627
2.5334	0.0092012	0.0092317
2.5335	0.046464	0.046464
2.5336	0.0042267	0.0042267
2.5338	-0.061173	-0.061204
2.5339	-0.1078	-0.10777
2.534	-0.095445	-0.095445
2.5341	-0.056718	-0.056687
2.5343	-0.056779	-0.056779
2.5344	-0.0090486	-0.0090791
2.5345	0.069352	0.069383
2.5346	0.10005	0.10002
2.5348	0.12728	0.12728
2.5349	0.041703	0.041703
2.535	-0.043381	-0.043412
2.5351	-0.055833	-0.055863
2.5353	-0.10268	-0.10268
2.5354	-0.059617	-0.059617
2.5355	-0.018387	-0.018387
2.5356	0.015061	0.015061
2.5358	0.10146	0.10143
2.5359	0.1165	0.1165
2.536	0.086351	0.086351
2.5361	0.018418	0.018448
2.5363	-0.064286	-0.064286
2.5364	-0.056931	-0.056962
2.5365	0.0013886	0.0013886
2.5366	0.036698	0.036667
2.5368	0.042222	0.042252
2.5369	-0.0080415	-0.0080415
2.537	-0.023514	-0.023545
2.5371	0.024399	0.02446
2.5373	0.06038	0.06038
2.5374	0.07628	0.076249
2.5375	0.027939	0.027939
2.5376	-0.041062	-0.041093
2.5378	-0.04332	-0.04332
2.5379	-0.00053407	-0.00056458
2.538	0.041794	0.041764
2.5381	0.042313	0.042344
2.5383	-0.031876	-0.031907
2.5384	-0.092546	-0.092576
2.5385	-0.081376	-0.081376
2.5386	-0.019455	-0.019455
2.5388	0.056321	0.056352
2.5389	0.044358	0.044358
2.539	-0.029831	-0.029831
2.5391	-0.088029	-0.088029
2.5393	-0.10243	-0.10246
2.5394	-0.066697	-0.066697
2.5395	-0.054917	-0.054917
2.5396	-0.083146	-0.083146
2.5398	-0.01445	-0.01445
2.5399	0.091081	0.091051
2.54	0.15175	0.15175
2.5401	0.16051	0.16051
2.5403	0.005539	0.0056001
2.5404	-0.089525	-0.089525
2.5405	-0.098741	-0.098741
2.5406	-0.09987	-0.099901
2.5408	-0.0017548	-0.0017243
2.5409	0.012345	0.012345
2.541	0.031815	0.031785
2.5411	0.093492	0.093462
2.5413	0.094224	0.094255
2.5414	0.10066	0.10069
2.5415	0.031235	0.031266
2.5416	-0.056748	-0.056718
2.5418	-0.057542	-0.057572
2.5419	-0.031052	-0.031022
2.542	0.021469	0.0215
2.5421	0.045396	0.045365
2.5423	0.0016938	0.0016938
2.5424	0.0045624	0.0045624
2.5425	0.035966	0.035966
2.5426	0.064897	0.064897
2.5428	0.06627	0.06627
2.5429	-0.013626	-0.013657
2.543	-0.069078	-0.069047
2.5431	-0.053025	-0.052995
2.5433	0.011978	0.011978
2.5434	0.072587	0.072587
2.5435	0.048234	0.048264
2.5436	-0.03801	-0.03801
2.5438	-0.10204	-0.10201
2.5439	-0.093095	-0.093126
2.544	-0.0097505	-0.0097505
2.5441	0.064256	0.064256
2.5443	0.051865	0.051896
2.5444	-0.015976	-0.015946
2.5445	-0.085374	-0.085344
2.5446	-0.093339	-0.09337
2.5448	-0.071702	-0.071733
2.5449	-0.066819	-0.066819
2.545	-0.088334	-0.088365
2.5451	-0.040055	-0.040055
2.5453	0.090623	0.090623
2.5454	0.15132	0.15129
2.5455	0.16167	0.16167
2.5456	0.031754	0.031785
2.5458	-0.093065	-0.093095
2.5459	-0.080949	-0.080949
2.546	-0.08809	-0.08809
2.5461	-0.022049	-0.022049
2.5463	0.0010834	0.0010529
2.5464	-0.0025177	-0.0025177
2.5465	0.081102	0.081102
2.5466	0.1198	0.1198
2.5468	0.12535	0.12535
2.5469	0.050492	0.050462
2.547	-0.074693	-0.074693
2.5471	-0.1032	-0.1032
2.5473	-0.043381	-0.043381
2.5474	0.040848	0.040818
2.5475	0.085771	0.08574
2.5476	0.033494	0.033494
2.5478	-0.016373	-0.016342
2.5479	-0.0066987	-0.0067292
2.548	0.020554	0.020584
2.5481	0.054002	0.054002
2.5483	0.017594	0.017624
2.5484	-0.037369	-0.037339
2.5485	-0.034958	-0.034958
2.5486	0.0036774	0.0036774
2.5488	0.052293	0.052293
2.5489	0.043687	0.043748
2.549	-0.027176	-0.027176
2.5491	-0.083207	-0.083207
2.5493	-0.07921	-0.07924
2.5494	-0.016617	-0.016617
2.5495	0.048295	0.048356
2.5496	0.040726	0.040696
2.5498	-0.015335	-0.015335
2.5499	-0.070329	-0.070329
2.55	-0.079881	-0.07985
2.5501	-0.064744	-0.064775
2.5503	-0.062943	-0.062943
2.5504	-0.087938	-0.087968
2.5505	-0.050187	-0.050187
2.5506	0.082231	0.082231
2.5508	0.14568	0.14571
2.5509	0.16207	0.1621
2.551	0.045487	0.045518
2.5511	-0.091081	-0.091081
2.5513	-0.072435	-0.072435
2.5514	-0.077104	-0.077134
2.5515	-0.021927	-0.021897
2.5516	0.002884	0.002884
2.5518	-0.016922	-0.016922
2.5519	0.069841	0.069841
2.552	0.11907	0.1191
2.5521	0.12239	0.12239
2.5523	0.053819	0.053819
2.5524	-0.069749	-0.069749
2.5525	-0.093919	-0.093919
2.5526	-0.034104	-0.034134
2.5528	0.03447	0.03447
2.5529	0.066178	0.066148
2.553	0.0088045	0.0088045
2.5531	-0.034623	-0.034592
2.5533	-0.0010834	-0.0011139
2.5534	0.038804	0.038804
2.5535	0.064622	0.064591
2.5536	0.011368	0.011368
2.5538	-0.058793	-0.058824
2.5539	-0.044327	-0.044327
2.554	0.018357	0.018326
2.5541	0.075151	0.07512
2.5543	0.056901	0.056901
2.5544	-0.038712	-0.038712
2.5545	-0.11458	-0.11461
2.5546	-0.10484	-0.10484
2.5548	-0.029282	-0.029282
2.5549	0.053941	0.053941
2.555	0.060777	0.060777
2.5551	0.0021515	0.0021515
2.5553	-0.049058	-0.049058
2.5554	-0.067735	-0.067704
2.5555	-0.066087	-0.066117
2.5556	-0.07219	-0.07216
2.5558	-0.11241	-0.11241
2.5559	-0.075517	-0.075517
2.556	0.075853	0.075822
2.5561	0.15868	0.15871
2.5563	0.1873	0.18727
2.5564	0.071458	0.071458
2.5565	-0.084672	-0.084642
2.5566	-0.067491	-0.06746
2.5568	-0.072282	-0.072282
2.5569	-0.030228	-0.030228
2.557	-0.0093233	-0.0093233
2.5571	-0.043442	-0.043442
2.5573	0.052537	0.052506
2.5574	0.12395	0.12395
2.5575	0.14534	0.14534
2.5576	0.088212	0.088212
2.5578	-0.055039	-0.055009
2.5579	-0.10494	-0.10497
2.558	-0.052781	-0.052811
2.5581	0.026047	0.026078
2.5583	0.071794	0.071763
2.5584	0.013718	0.013718
2.5585	-0.050889	-0.050889
2.5586	-0.026658	-0.026658
2.5588	0.029191	0.029191
2.5589	0.084367	0.084367
2.559	0.051926	0.051926
2.5591	-0.029282	-0.029282
2.5593	-0.046708	-0.046708
2.5594	-0.011582	-0.011582
2.5595	0.049607	0.049577
2.5596	0.049638	0.049638
2.5598	-0.025559	-0.025559
2.5599	-0.10207	-0.10207
2.56	-0.11244	-0.11244
2.5601	-0.036088	-0.036088
2.5603	0.058854	0.058854
2.5604	0.087999	0.087999
2.5605	0.035477	0.035538
2.5606	-0.042008	-0.042008
2.5608	-0.086839	-0.086839
2.5609	-0.097551	-0.097551
2.561	-0.094621	-0.094621
2.5611	-0.10851	-0.10851
2.5613	-0.078508	-0.078477
2.5614	0.067002	0.067002
2.5615	0.16454	0.16454
2.5616	0.19115	0.19118
2.5618	0.10173	0.1017
2.5619	-0.073594	-0.073594
2.562	-0.090715	-0.090684
2.5621	-0.092515	-0.092515
2.5623	-0.066789	-0.066819
2.5624	-0.015091	-0.015061
2.5625	-0.029587	-0.029587
2.5626	0.056199	0.056199
2.5628	0.13304	0.13304
2.5629	0.15007	0.15007
2.563	0.10109	0.10109
2.5631	-0.033646	-0.033616
2.5633	-0.10362	-0.10362
2.5634	-0.074632	-0.074632
2.5635	-0.0023957	-0.0023957
2.5636	0.047288	0.047318
2.5638	0.021622	0.021683
2.5639	-0.027207	-0.027207
2.564	-0.0046845	-0.0046845
2.5641	0.045792	0.045792
2.5643	0.079942	0.079942
2.5644	0.046464	0.046464
2.5645	-0.041428	-0.041428
2.5646	-0.057603	-0.057603
2.5648	-0.010666	-0.010666
2.5649	0.054185	0.054185
2.565	0.061784	0.061753
2.5651	-0.018326	-0.018326
2.5653	-0.097795	-0.097826
2.5654	-0.10381	-0.10381
2.5655	-0.0327	-0.0327
2.5656	0.059342	0.059342
2.5658	0.090929	0.090929
2.5659	0.035935	0.035935
2.566	-0.041398	-0.041428
2.5661	-0.089891	-0.089921
2.5663	-0.098833	-0.098833
2.5664	-0.086961	-0.086992
2.5665	-0.088701	-0.088701
2.5666	-0.080186	-0.080156
2.5668	0.037919	0.037919
2.5669	0.1498	0.14986
2.567	0.17403	0.17403
2.5671	0.12184	0.12184
2.5673	-0.047684	-0.047654
2.5674	-0.095995	-0.095995
2.5675	-0.07155	-0.071519
2.5676	-0.067979	-0.067979
2.5678	-0.013809	-0.01384
2.5679	-0.03331	-0.03331
2.568	0.015427	0.015427
2.5681	0.11971	0.11974
2.5683	0.15013	0.15013
2.5684	0.12676	0.12679
2.5685	-0.0020905	-0.002121
2.5686	-0.11354	-0.11354
2.5688	-0.10185	-0.10182
2.5689	-0.028916	-0.028946
2.569	0.046799	0.046769
2.5691	0.050553	0.050553
2.5693	-0.0095369	-0.0095369
2.5694	-0.014786	-0.014786
2.5695	0.023941	0.023941
2.5696	0.063066	0.063066
2.5698	0.061082	0.061082
2.5699	-0.016434	-0.016464
2.57	-0.055039	-0.055039
2.5701	-0.026932	-0.026932
2.5703	0.026322	0.026322
2.5704	0.057298	0.057298
2.5705	0.0035554	0.0035554
2.5706	-0.078386	-0.078416
2.5708	-0.10329	-0.10326
2.5709	-0.056626	-0.056626
2.571	0.033371	0.033371
2.5711	0.089921	0.089891
2.5713	0.055161	0.055192
2.5714	-0.01796	-0.018021
2.5715	-0.076799	-0.076829
2.5716	-0.10076	-0.10076
2.5718	-0.089311	-0.089311
2.5719	-0.085893	-0.085893
2.572	-0.089616	-0.089586
2.5721	-0.00206	-0.0020905
2.5723	0.12239	0.12236
2.5724	0.17412	0.17409
2.5725	0.15789	0.15789
2.5726	0.013779	0.013809
2.5728	-0.084794	-0.084794
2.5729	-0.077134	-0.077104
2.573	-0.088579	-0.088579
2.5731	-0.043931	-0.043931
2.5733	-0.029496	-0.029496
2.5734	0.006424	0.006424
2.5735	0.11537	0.1154
2.5736	0.15343	0.15346
2.5738	0.13353	0.13353
2.5739	0.025315	0.025345
2.574	-0.101	-0.101
2.5741	-0.10915	-0.10912
2.5743	-0.041794	-0.041764
2.5744	0.034257	0.034257
2.5745	0.053666	0.053696
2.5746	-0.0017243	-0.0017853
2.5748	-0.021134	-0.021103
2.5749	0.016983	0.016983
2.575	0.058488	0.058488
2.5751	0.071061	0.071031
2.5753	0.0044404	0.0044404
2.5754	-0.057603	-0.057603
2.5755	-0.049149	-0.049119
2.5756	0.00028992	0.00028992
2.5758	0.051499	0.051499
2.5759	0.02742	0.027451
2.576	-0.048722	-0.048753
2.5761	-0.091691	-0.091691
2.5763	-0.070329	-0.070329
2.5764	0.0077363	0.0077058
2.5765	0.075792	0.075822
2.5766	0.064073	0.064103
2.5768	-0.00035096	-0.00038148
2.5769	-0.065049	-0.06508
2.577	-0.099107	-0.099107
2.5771	-0.09575	-0.09575
2.5773	-0.085588	-0.085557
2.5774	-0.087968	-0.087968
2.5775	-0.030503	-0.030533
2.5776	0.093614	0.093614
2.5778	0.16017	0.16014
2.5779	0.16252	0.16252
2.578	0.057359	0.057359
2.5781	-0.067765	-0.067796
2.5783	-0.072343	-0.072374
2.5784	-0.079179	-0.07921
2.5785	-0.055528	-0.055528
2.5786	-0.02327	-0.023239
2.5788	-0.010422	-0.010391
2.5789	0.082994	0.082963
2.579	0.14281	0.14281
2.5791	0.13567	0.1357
2.5793	0.062943	0.062943
2.5794	-0.066178	-0.066178
2.5795	-0.10851	-0.10854
2.5796	-0.060166	-0.060166
2.5798	0.0069429	0.0069429
2.5799	0.047776	0.047807
2.58	0.014115	0.014115
2.5801	-0.016739	-0.016739
2.5803	0.011551	0.011521
2.5804	0.045029	0.04506
2.5805	0.062913	0.062882
2.5806	0.019547	0.019577
2.5808	-0.050278	-0.050278
2.5809	-0.050797	-0.050767
2.581	-0.006302	-0.006302
2.5811	0.045487	0.045487
2.5813	0.045274	0.045304
2.5814	-0.032456	-0.032456
2.5815	-0.08751	-0.08751
2.5816	-0.08043	-0.08043
2.5818	-0.018418	-0.018418
2.5819	0.064073	0.064042
2.582	0.069139	0.069108
2.5821	0.013138	0.013107
2.5823	-0.051804	-0.051774
2.5824	-0.094652	-0.094621
2.5825	-0.090074	-0.090074
2.5826	-0.076005	-0.076005
2.5828	-0.081559	-0.08159
2.5829	-0.054887	-0.054917
2.583	0.054551	0.054551
2.5831	0.14214	0.14214
2.5833	0.16802	0.16799
2.5834	0.099779	0.099748
2.5835	-0.037705	-0.037705
2.5836	-0.071672	-0.071672
2.5838	-0.077409	-0.077409
2.5839	-0.068162	-0.068193
2.584	-0.025681	-0.025681
2.5841	-0.01799	-0.018021
2.5843	0.053483	0.053483
2.5844	0.12819	0.12819
2.5845	0.13765	0.13765
2.5846	0.093065	0.093095
2.5848	-0.026322	-0.026322
2.5849	-0.098344	-0.098314
2.585	-0.072465	-0.072465
2.5851	-0.012833	-0.012833
2.5853	0.039506	0.039506
2.5854	0.021988	0.021988
2.5855	-0.019181	-0.019181
2.5856	-0.0052644	-0.0052949
2.5858	0.031052	0.031052
2.5859	0.064256	0.064256
2.586	0.046067	0.046067
2.5861	-0.020218	-0.020188
2.5863	-0.051682	-0.051682
2.5864	-0.031296	-0.031296
2.5865	0.016587	0.016556
2.5866	0.036576	0.036576
2.5868	-0.0098726	-0.0098726
2.5869	-0.074205	-0.074235
2.587	-0.089067	-0.089097
2.5871	-0.036942	-0.036973
2.5873	0.048173	0.048173
2.5874	0.082811	0.082841
2.5875	0.034623	0.034653
2.5876	-0.044053	-0.044053
2.5878	-0.10008	-0.10005
2.5879	-0.1057	-0.1057
2.588	-0.080613	-0.080583
2.5881	-0.072801	-0.072801
2.5883	-0.055253	-0.055253
2.5884	0.041001	0.041001
2.5885	0.13124	0.13127
2.5886	0.16423	0.16423
2.5888	0.11608	0.11608
2.5889	-0.019303	-0.019333
2.589	-0.073014	-0.072984
2.5891	-0.081346	-0.081346
2.5893	-0.07805	-0.07805
2.5894	-0.03032	-0.03032
2.5895	-0.014908	-0.014908
2.5896	0.047013	0.047013
2.5898	0.12215	0.12215
2.5899	0.13433	0.13433
2.59	0.097032	0.097002
2.5901	-0.010727	-0.010727
2.5903	-0.089067	-0.089067
2.5904	-0.07512	-0.07512
2.5905	-0.02092	-0.02092
2.5906	0.030686	0.030686
2.5908	0.02443	0.02443
2.5909	-0.013077	-0.013138
2.591	-0.0049897	-0.0049592
2.5911	0.027848	0.027848
2.5913	0.060563	0.060533
2.5914	0.051225	0.051164
2.5915	-0.0094453	-0.0094148
2.5916	-0.041825	-0.041825
2.5918	-0.029953	-0.029953
2.5919	0.014603	0.014603
2.592	0.033768	0.033799
2.5921	-0.011948	-0.011948
2.5923	-0.068864	-0.068864
2.5924	-0.087022	-0.087053
2.5925	-0.032425	-0.032425
2.5926	0.051347	0.051347
2.5928	0.08217	0.08217
2.5929	0.037797	0.037797
2.593	-0.045853	-0.045853
2.5931	-0.098619	-0.098619
2.5933	-0.10231	-0.10225
2.5934	-0.083879	-0.083879
2.5935	-0.076493	-0.076493
2.5936	-0.059434	-0.059403
2.5938	0.035904	0.035904
2.5939	0.13353	0.13353
2.594	0.16323	0.1632
2.5941	0.11232	0.11232
2.5943	-0.018326	-0.018357
2.5944	-0.077714	-0.077714
2.5945	-0.079942	-0.079973
2.5946	-0.072099	-0.072068
2.5948	-0.027756	-0.027756
2.5949	-0.013901	-0.01384
2.595	0.039322	0.039292
2.5951	0.11263	0.11263
2.5953	0.12966	0.12966
2.5954	0.095689	0.09572
2.5955	-0.0077974	-0.0078279
2.5956	-0.085313	-0.085313
2.5958	-0.075486	-0.075486
2.5959	-0.020554	-0.020554
2.596	0.030503	0.030472
2.5961	0.022873	0.022904
2.5963	-0.01561	-0.01561
2.5964	-0.012802	-0.012833
2.5965	0.023667	0.023636
2.5966	0.062974	0.062974
2.5968	0.059281	0.059281
2.5969	-7.6295e-05	-1.5259e-05
2.597	-0.038102	-0.038102
2.5971	-0.032822	-0.032822
2.5973	0.0075532	0.0075837
2.5974	0.03035	0.03032
2.5975	-0.0099947	-0.0099947
2.5976	-0.061295	-0.061265
2.5978	-0.081285	-0.081285
2.5979	-0.033036	-0.033036
2.598	0.049729	0.049729
2.5981	0.079637	0.079637
2.5983	0.03743	0.03743
2.5984	-0.046189	-0.046189
2.5985	-0.10103	-0.10103
2.5986	-0.099565	-0.099565
2.5988	-0.078843	-0.078843
2.5989	-0.068833	-0.068803
2.599	-0.042649	-0.042618
2.5991	0.043046	0.043015
2.5993	0.12596	0.12602
2.5994	0.15187	0.15187
2.5995	0.095262	0.095262
2.5996	-0.016831	-0.016831
2.5998	-0.065751	-0.065782
2.5999	-0.073869	-0.073899
2.6	-0.059434	-0.059434
2.6001	-0.024125	-0.024155
2.6003	-0.01033	-0.01033
2.6004	0.044419	0.044419
2.6005	0.10512	0.10512
2.6006	0.11965	0.11962
2.6008	0.080613	0.080613
2.6009	-0.014908	-0.014908
2.601	-0.07396	-0.073991
2.6011	-0.059037	-0.059007
2.6013	-0.0073396	-0.0073396
2.6014	0.030198	0.030167
2.6015	0.0095674	0.0095674
2.6016	-0.02739	-0.02739
2.6018	-0.020157	-0.020157
2.6019	0.020462	0.020432
2.602	0.05977	0.05977
2.6021	0.054154	0.054154
2.6023	-0.0048066	-0.0047761
2.6024	-0.038346	-0.038346
2.6025	-0.024918	-0.024887
2.6026	0.010086	0.010086
2.6028	0.025071	0.025101
2.6029	-0.025437	-0.025437
2.603	-0.076951	-0.076951
2.6031	-0.079026	-0.079026
2.6033	-0.024765	-0.024765
2.6034	0.059342	0.059342
2.6035	0.077104	0.077104
2.6036	0.023819	0.023819
2.6038	-0.051743	-0.051743
2.6039	-0.098894	-0.098924
2.604	-0.089158	-0.089158
2.6041	-0.07512	-0.07512
2.6043	-0.072038	-0.072038
2.6044	-0.035538	-0.035538
2.6045	0.054582	0.054612
2.6046	0.13909	0.13906
2.6048	0.15361	0.15361
2.6049	0.079515	0.079515
2.605	-0.028214	-0.028244
2.6051	-0.070359	-0.07039
2.6053	-0.065446	-0.065476
2.6054	-0.043656	-0.043656
2.6055	-0.019699	-0.019699
2.6056	-0.010086	-0.010086
2.6058	0.040391	0.040391
2.6059	0.10372	0.10375
2.606	0.12044	0.12047
2.6061	0.074479	0.074449
2.6063	-0.020798	-0.020798
2.6064	-0.075364	-0.075334
2.6065	-0.050797	-0.050797
2.6066	0.0066377	0.0066072
2.6068	0.038529	0.038499
2.6069	0.0076753	0.0076753
2.607	-0.037003	-0.037003
2.6071	-0.029007	-0.029007
2.6073	0.021836	0.021836
2.6074	0.068742	0.068742
2.6075	0.056046	0.056046
2.6076	-0.008072	-0.008072
2.6078	-0.045335	-0.045335
2.6079	-0.026078	-0.026078
2.608	0.01912	0.019089
2.6081	0.027481	0.027481
2.6083	-0.025986	-0.025986
2.6084	-0.08394	-0.08394
2.6085	-0.084215	-0.084245
2.6086	-0.018235	-0.018235
2.6088	0.058671	0.058671
2.6089	0.072282	0.072313
2.609	0.011185	0.011154
2.6091	-0.060929	-0.06096
2.6093	-0.092271	-0.092271
2.6094	-0.082383	-0.082383
2.6095	-0.070817	-0.070817
2.6096	-0.067613	-0.067643
2.6098	-0.020951	-0.020981
2.6099	0.066972	0.066972
2.61	0.13637	0.13637
2.6101	0.13149	0.13146
2.6103	0.045792	0.045762
2.6104	-0.041154	-0.041154
2.6105	-0.067704	-0.067704
2.6106	-0.051102	-0.051102
2.6108	-0.024521	-0.024521
2.6109	-0.01387	-0.013901
2.611	-0.0027619	-0.0027619
2.6111	0.043687	0.043687
2.6113	0.095964	0.095995
2.6114	0.10741	0.10741
2.6115	0.052995	0.053025
2.6116	-0.026047	-0.026047
2.6118	-0.059098	-0.059098
2.6119	-0.03093	-0.03093
2.612	0.023453	0.023484
2.6121	0.034318	0.034318
2.6123	-0.0022126	-0.0022126
2.6124	-0.038254	-0.038254
2.6125	-0.025803	-0.025772
2.6126	0.031846	0.031876
2.6128	0.066026	0.066056
2.6129	0.044266	0.044266
2.613	-0.015183	-0.015213
2.6131	-0.038285	-0.038285
2.6133	-0.0060578	-0.0060273
2.6134	0.027207	0.027207
2.6135	0.02031	0.02031
2.6136	-0.041184	-0.041215
2.6138	-0.089708	-0.089677
2.6139	-0.072404	-0.072404
2.614	-0.0094453	-0.0094453
2.6141	0.052995	0.052964
2.6143	0.050492	0.050492
2.6144	-0.0068513	-0.0068208
2.6145	-0.058183	-0.058183
2.6146	-0.077623	-0.077653
2.6148	-0.07155	-0.07155
2.6149	-0.071092	-0.071061
2.615	-0.052873	-0.052873
2.6151	0.011032	0.011032
2.6153	0.089433	0.089464
2.6154	0.13048	0.13048
2.6155	0.08983	0.08983
2.6156	0.0066682	0.0066682
2.6158	-0.051438	-0.051438
2.6159	-0.05626	-0.056321
2.616	-0.026902	-0.026902
2.6161	-0.0074311	-0.0074617
2.6163	-0.0035859	-0.0035859
2.6164	0.0092622	0.0092622
2.6165	0.048203	0.048203
2.6166	0.08574	0.08571
2.6168	0.078386	0.078355
2.6169	0.021958	0.021958
2.617	-0.032425	-0.032425
2.6171	-0.037247	-0.037247
2.6173	-0.00062562	-0.00062562
2.6174	0.03505	0.03505
2.6175	0.022843	0.022873
2.6176	-0.021683	-0.021653
2.6178	-0.04448	-0.044511
2.6179	-0.020157	-0.020218
2.618	0.035569	0.035569
2.6181	0.057877	0.057877
2.6183	0.023819	0.023819
2.6184	-0.019394	-0.019425
2.6185	-0.026596	-0.026627
2.6186	0.0074006	0.0073701
2.6188	0.027573	0.027573
2.6189	-0.0061189	-0.0061494
2.619	-0.063432	-0.063432
2.6191	-0.093217	-0.093217
2.6193	-0.05684	-0.05684
2.6194	0.012467	0.012497
2.6195	0.044511	0.044511
2.6196	0.023667	0.023697
2.6198	-0.030106	-0.030137
2.6199	-0.066178	-0.066178
2.62	-0.065476	-0.065507
2.6201	-0.066606	-0.066606
2.6203	-0.051041	-0.051041
2.6204	-0.0070344	-0.0070649
2.6205	0.054185	0.054185
2.6206	0.10945	0.10942
2.6208	0.095445	0.095445
2.6209	0.035721	0.035721
2.621	-0.025956	-0.025925
2.6211	-0.05687	-0.05684
2.6213	-0.034195	-0.034195
2.6214	-0.0049592	-0.0049287
2.6215	0.013504	0.013474
2.6216	0.021103	0.021103
2.6218	0.031296	0.031327
2.6219	0.052628	0.052659
2.622	0.056291	0.05626
2.6221	0.030564	0.030594
2.6223	-0.007187	-0.007187
2.6224	-0.018265	-0.018235
2.6225	0.0050813	0.0050813
2.6226	0.031479	0.031449
2.6228	0.029343	0.029374
2.6229	-0.0056611	-0.0056916
2.623	-0.037369	-0.037369
2.6231	-0.03154	-0.03154
2.6233	0.008011	0.008011
2.6234	0.039902	0.039902
2.6235	0.027695	0.027726
2.6236	-0.0056001	-0.0056306
2.6238	-0.016464	-0.016526
2.6239	0.0053559	0.0053559
2.624	0.030014	0.029984
2.6241	0.0087739	0.0087434
2.6243	-0.044358	-0.044358
2.6244	-0.082536	-0.082506
2.6245	-0.073991	-0.073991
2.6246	-0.017563	-0.017563
2.6248	0.024887	0.024857
2.6249	0.018906	0.018906
2.625	-0.014237	-0.014206
2.6251	-0.047501	-0.047501
2.6253	-0.053422	-0.053422
2.6254	-0.049699	-0.049668
2.6255	-0.047654	-0.047654
2.6256	-0.020676	-0.020645
2.6258	0.025528	0.025528
2.6259	0.073625	0.073594
2.626	0.083726	0.083726
2.6261	0.044419	0.044419
2.6263	-0.0069429	-0.0069429
2.6264	-0.046555	-0.046555
2.6265	-0.042374	-0.042374
2.6266	-0.010025	-0.010025
2.6268	0.021866	0.021897
2.6269	0.038285	0.038254
2.627	0.035843	0.035843
2.6271	0.035447	0.035477
2.6273	0.029831	0.029862
2.6274	0.019455	0.019455
2.6275	0.0042878	0.0042878
2.6276	-0.0026398	-0.0026398
2.6278	0.011398	0.011429
2.6279	0.026505	0.026505
2.628	0.028031	0.028031
2.6281	0.0089265	0.0089265
2.6283	-0.016007	-0.015976
2.6284	-0.023056	-0.023087
2.6285	-0.0051728	-0.0052338
2.6286	0.014755	0.014755
2.6288	0.016464	0.016434
2.6289	0.0038605	0.0038911
2.629	-0.0061799	-0.0061799
2.6291	0.0092622	0.0092317
2.6293	0.026047	0.026078
2.6294	0.01561	0.015579
2.6295	-0.019883	-0.019883
2.6296	-0.061601	-0.06157
2.6298	-0.068009	-0.068009
2.6299	-0.039658	-0.039658
2.63	-0.0052949	-0.0053254
2.6301	0.0070039	0.0070039
2.6303	-0.013993	-0.013993
2.6304	-0.034867	-0.034867
2.6305	-0.042924	-0.042924
2.6306	-0.044724	-0.044694
2.6308	-0.03331	-0.033341
2.6309	-0.013687	-0.013687
2.631	0.017319	0.017319
2.6311	0.053056	0.053056
2.6313	0.056046	0.056046
2.6314	0.034867	0.034867
2.6315	0.0034028	0.0034028
2.6316	-0.029648	-0.029648
2.6318	-0.031662	-0.031632
2.6319	-0.017502	-0.017472
2.632	0.014359	0.014359
2.6321	0.046189	0.046189
2.6323	0.049729	0.04976
2.6324	0.041794	0.041794
2.6325	0.014725	0.014694
2.6326	-0.0069429	-0.0069429
2.6328	-0.0092622	-0.0092927
2.6329	-0.00010681	-0.00010681
2.633	0.024643	0.024643
2.6331	0.03624	0.03624
2.6333	0.028367	0.028397
2.6334	0.01088	0.01091
2.6335	-0.010025	-0.010056
2.6336	-0.01207	-0.01207
2.6338	-0.0052644	-0.0052949
2.6339	-0.0041047	-0.0041047
2.634	-0.0061494	-0.0061494
2.6341	-0.014847	-0.014847
2.6343	-0.0032197	-0.0032502
2.6344	0.018509	0.018509
2.6345	0.027329	0.027359
2.6346	0.020584	0.020584
2.6348	-0.016892	-0.016922
2.6349	-0.047837	-0.047837
2.635	-0.05565	-0.05565
2.6351	-0.045457	-0.045457
2.6353	-0.021073	-0.021073
2.6354	-0.013413	-0.013413
2.6355	-0.018936	-0.018936
2.6356	-0.031113	-0.031083
2.6358	-0.039597	-0.039597
2.6359	-0.034958	-0.034958
2.636	-0.021805	-0.021775
2.6361	0.0043183	0.0043183
2.6363	0.027848	0.027848
2.6364	0.042924	0.042924
2.6365	0.039506	0.039506
2.6366	0.019455	0.019455
2.6368	0.0020294	0.0020294
2.6369	-0.018021	-0.018021
2.637	-0.022049	-0.021988
2.6371	-0.011215	-0.011246
2.6373	0.011185	0.011215
2.6374	0.046738	0.046769
2.6375	0.061357	0.061387
2.6376	0.052079	0.052079
2.6378	0.019089	0.019059
2.6379	-0.015946	-0.015946
2.638	-0.022354	-0.022385
2.6381	-0.0035248	-0.0034943
2.6383	0.026108	0.026139
2.6384	0.040726	0.040696
2.6385	0.032486	0.032486
2.6386	0.013077	0.013077
2.6388	0.00090028	0.0009308
2.6389	-0.0024567	-0.0024567
2.639	-0.0043793	-0.0043793
2.6391	-0.0095674	-0.0095369
2.6393	-0.021012	-0.021042
2.6394	-0.020035	-0.020035
2.6395	-0.0044709	-0.0044709
2.6396	0.014328	0.014359
2.6398	0.025345	0.025345
2.6399	0.00972	0.00972
2.64	-0.018509	-0.01854
2.6401	-0.038773	-0.038773
2.6403	-0.047044	-0.047013
2.6404	-0.03743	-0.03743
2.6405	-0.028305	-0.028305
2.6406	-0.027726	-0.027726
2.6408	-0.03093	-0.03093
2.6409	-0.038468	-0.038468
2.641	-0.039597	-0.039567
2.6411	-0.032273	-0.032273
2.6413	-0.0080415	-0.008072
2.6414	0.023423	0.023423
2.6415	0.044968	0.044968
2.6416	0.048081	0.048051
2.6418	0.021256	0.021286
2.6419	-0.0035554	-0.0035554
2.642	-0.016464	-0.016434
2.6421	-0.018936	-0.018936
2.6423	-0.0069123	-0.0068818
2.6424	-0.0019989	-0.0019989
2.6425	0.015763	0.015793
2.6426	0.042344	0.042344
2.6428	0.060838	0.060838
2.6429	0.062211	0.062211
2.643	0.025742	0.025742
2.6431	-0.013657	-0.013657
2.6433	-0.030777	-0.030777
2.6434	-0.012985	-0.012955
2.6435	0.028092	0.028092
2.6436	0.047959	0.04799
2.6438	0.041398	0.041428
2.6439	0.018265	0.018265
2.644	-0.00035096	-0.00028992
2.6441	-0.0024567	-0.0024262
2.6443	0.00053407	0.00053407
2.6444	-0.0050813	-0.0050813
2.6445	-0.015061	-0.015061
2.6446	-0.019333	-0.019364
2.6448	-0.010605	-0.010605
2.6449	0.0093843	0.0093843
2.645	0.01619	0.01622
2.6451	0.0065156	0.0065156
2.6453	-0.018112	-0.018143
2.6454	-0.038804	-0.038773
2.6455	-0.039322	-0.039322
2.6456	-0.035416	-0.035416
2.6458	-0.025589	-0.02562
2.6459	-0.029068	-0.029099
2.646	-0.043137	-0.043137
2.6461	-0.048264	-0.048264
2.6463	-0.050065	-0.050034
2.6464	-0.02739	-0.02739
2.6465	0.0098726	0.0099031
2.6466	0.039719	0.03975
2.6468	0.057481	0.057511
2.6469	0.038712	0.038682
2.647	0.0070039	0.0070039
2.6471	-0.016251	-0.016281
2.6473	-0.029221	-0.029191
2.6474	-0.016678	-0.016678
2.6475	-0.0050202	-0.0050202
2.6476	0.0085298	0.0085298
2.6478	0.028183	0.028183
2.6479	0.041978	0.041978
2.648	0.056199	0.056199
2.6481	0.044083	0.044114
2.6483	0.013107	0.013107
2.6484	-0.012406	-0.012406
2.6485	-0.023117	-0.023117
2.6486	-0.00099184	-0.00099184
2.6488	0.029953	0.029953
2.6489	0.044053	0.044022
2.649	0.036271	0.036271
2.6491	0.011063	0.011002
2.6493	-0.0030671	-0.0030365
2.6494	-0.0030671	-0.0030365
2.6495	0.0019684	0.0019684
2.6496	0.0013886	0.0013886
2.6498	-0.009781	-0.0098116
2.6499	-0.010575	-0.010575
2.65	-0.0042267	-0.0042267
2.6501	0.0030365	0.0030671
2.6503	0.0017548	0.0017548
2.6504	-0.015427	-0.015427
2.6505	-0.028214	-0.028214
2.6506	-0.03328	-0.03328
2.6508	-0.028367	-0.028397
2.6509	-0.019699	-0.019699
2.651	-0.023728	-0.023728
2.6511	-0.036484	-0.036454
2.6513	-0.050858	-0.050858
2.6514	-0.056321	-0.056352
2.6515	-0.03978	-0.03978
2.6516	-0.0041657	-0.0041962
2.6518	0.029801	0.02977
2.6519	0.050523	0.050492
2.652	0.045487	0.045487
2.6521	0.019577	0.019547
2.6523	-0.0038605	-0.00383
2.6524	-0.021378	-0.021408
2.6525	-0.022049	-0.022019
2.6526	-0.0094148	-0.0094148
2.6528	0.0060578	0.0060578
2.6529	0.026963	0.026993
2.653	0.038956	0.038987
2.6531	0.042649	0.042649
2.6533	0.036301	0.036271
2.6534	0.018326	0.018326
2.6535	0.0027314	0.0027314
2.6536	-0.0042878	-0.0042878
2.6538	0.0041352	0.0041657
2.6539	0.017777	0.017777
2.654	0.026139	0.026139
2.6541	0.025376	0.025345
2.6543	0.011582	0.011582
2.6544	0.0019379	0.0019379
2.6545	-0.00206	-0.0020905
2.6546	1.5259e-05	1.5259e-05
2.6548	0.0066377	0.0066682
2.6549	0.00062562	0.0005951
2.655	-0.0025788	-0.0025788
2.6551	-0.005417	-0.0054475
2.6553	-0.010208	-0.010208
2.6554	-0.0083467	-0.0083467
2.6555	-0.018448	-0.018448
2.6556	-0.022843	-0.022843
2.6558	-0.024735	-0.024735
2.6559	-0.028519	-0.028519
2.656	-0.020768	-0.020768
2.6561	-0.025406	-0.025406
2.6563	-0.029984	-0.029984
2.6564	-0.039658	-0.039628
2.6565	-0.051621	-0.051591
2.6566	-0.036851	-0.036851
2.6568	-0.012619	-0.012619
2.6569	0.022934	0.022965
2.657	0.045274	0.045274
2.6571	0.038285	0.038285
2.6573	0.022751	0.022782
2.6574	-0.0013581	-0.0013581
2.6575	-0.011276	-0.011276
2.6576	-0.010483	-0.010483
2.6578	-0.0069429	-0.0069123
2.6579	0.0090791	0.0091096
2.658	0.020951	0.02092
2.6581	0.034012	0.034012
2.6583	0.038041	0.038041
2.6584	0.026322	0.026322
2.6585	0.016861	0.016861
2.6586	0.0053864	0.0053559
2.6588	0.0061494	0.0061189
2.6589	0.0168	0.016831
2.659	0.024002	0.023972
2.6591	0.027939	0.02797
2.6593	0.014572	0.014572
2.6594	0.001297	0.001297
2.6595	-0.0036469	-0.0036469
2.6596	-0.0033112	-0.0033417
2.6598	0.0057527	0.0057221
2.6599	0.0058137	0.0058442
2.66	0.0056611	0.0056306
2.6601	0.0051423	0.0051423
2.6603	-0.002945	-0.0029145
2.6604	-0.009659	-0.009659
2.6605	-0.022232	-0.022232
2.6606	-0.02855	-0.02855
2.6608	-0.024186	-0.024216
2.6609	-0.020157	-0.020188
2.661	-0.016464	-0.016464
2.6611	-0.022599	-0.022568
2.6613	-0.033188	-0.033188
2.6614	-0.039353	-0.039322
2.6615	-0.04329	-0.043259
2.6616	-0.037675	-0.037675
2.6618	-0.023392	-0.023392
2.6619	-0.0071565	-0.007187
2.662	0.012772	0.012802
2.6621	0.025406	0.025376
2.6623	0.02504	0.02504
2.6624	0.018936	0.018936
2.6625	0.0035859	0.0036164
2.6626	-0.0062104	-0.0062104
2.6628	-0.0060273	-0.0060578
2.6629	-0.001236	-0.001236
2.663	0.015305	0.015335
2.6631	0.026352	0.026322
2.6633	0.03212	0.03212
2.6634	0.030381	0.03035
2.6635	0.017197	0.017166
2.6636	0.010758	0.010758
2.6638	0.0055085	0.0055085
2.6639	0.0093233	0.0093233
2.664	0.017258	0.017258
2.6641	0.020401	0.020401
2.6643	0.025223	0.025254
2.6644	0.01799	0.01796
2.6645	0.008957	0.008957
2.6646	0.00035096	0.00035096
2.6648	-0.0049592	-0.0049592
2.6649	0.0012055	0.0011749
2.665	0.0029145	0.0029145
2.6651	0.007126	0.0071565
2.6653	0.007248	0.007248
2.6654	-0.0002594	-0.0002594
2.6655	-0.0069123	-0.0069123
2.6656	-0.020798	-0.020829
2.6658	-0.027756	-0.027726
2.6659	-0.027085	-0.027115
2.666	-0.023606	-0.023606
2.6661	-0.017288	-0.017288
2.6663	-0.021897	-0.021958
2.6664	-0.029862	-0.029862
2.6665	-0.037705	-0.037705
2.6666	-0.042039	-0.042039
2.6668	-0.032273	-0.032242
2.6669	-0.018204	-0.018204
2.667	-0.00077821	-0.00077821
2.6671	0.013779	0.01384
2.6673	0.014969	0.015
2.6674	0.01268	0.01268
2.6675	0.0067597	0.0067597
2.6676	0.0026703	0.0027008
2.6678	0.0031281	0.0031281
2.6679	0.002121	0.0021515
2.668	0.0064851	0.0065156
2.6681	0.012375	0.012436
2.6683	0.021073	0.021042
2.6684	0.027665	0.027695
2.6685	0.024613	0.024613
2.6686	0.018357	0.018387
2.6688	0.0085908	0.0085908
2.6689	0.0050202	0.0049897
2.669	0.0098726	0.0098726
2.6691	0.014969	0.014969
2.6693	0.020005	0.019974
2.6694	0.017685	0.017655
2.6695	0.011765	0.011795
2.6696	0.0077058	0.0077363
2.6698	0.0037385	0.0037385
2.6699	0.0060883	0.0060578
2.67	0.0070649	0.0070649
2.6701	0.0055695	0.005539
2.6703	0.004593	0.004593
2.6704	-0.0022431	-0.0022431
2.6705	-0.0048066	-0.0047761
2.6706	-0.0088045	-0.0088045
2.6708	-0.015366	-0.015366
2.6709	-0.01619	-0.01622
2.671	-0.020432	-0.020401
2.6711	-0.018936	-0.018906
2.6713	-0.01738	-0.01738
2.6714	-0.021988	-0.021988
2.6715	-0.024369	-0.024369
2.6716	-0.031632	-0.031601
2.6718	-0.032944	-0.032944
2.6719	-0.02443	-0.02443
2.672	-0.013107	-0.013138
2.6721	0.0018463	0.0018158
2.6723	0.0092317	0.0092317
2.6724	0.010269	0.010239
2.6725	0.0095369	0.0095369
2.6726	0.0049287	0.0049287
2.6728	0.0033112	0.0033112
2.6729	0.0030671	0.0030671
2.673	0.0059358	0.0059052
2.6731	0.012436	0.012436
2.6733	0.016495	0.016464
2.6734	0.019455	0.019455
2.6735	0.017197	0.017197
2.6736	0.012894	0.012863
2.6738	0.010483	0.010483
2.6739	0.0092927	0.0093233
2.674	0.012345	0.012345
2.6741	0.012955	0.012955
2.6743	0.011093	0.011124
2.6744	0.009781	0.009781
2.6745	0.0072175	0.0072175
2.6746	0.0078584	0.0078279
2.6748	0.007248	0.0072175
2.6749	0.0041962	0.0042267
2.675	0.0051728	0.0051728
2.6751	0.0080415	0.0080415
2.6753	0.011643	0.011673
2.6754	0.0091402	0.0091402
2.6755	-0.0017853	-0.0017853
2.6756	-0.013169	-0.013169
2.6758	-0.021317	-0.021286
2.6759	-0.020584	-0.020584
2.676	-0.014939	-0.014939
2.6761	-0.011398	-0.011398
2.6763	-0.011124	-0.011154
2.6764	-0.017441	-0.017441
2.6765	-0.022721	-0.02269
2.6766	-0.025467	-0.025467
2.6768	-0.027115	-0.027146
2.6769	-0.022202	-0.022202
2.677	-0.017655	-0.017655
2.6771	-0.010941	-0.010971
2.6773	-0.0023957	-0.0023957
2.6774	0.0005951	0.0005951
2.6775	0.0058747	0.0058747
2.6776	0.0069429	0.0069429
2.6778	0.0063935	0.006424
2.6779	0.0084382	0.0084382
2.678	0.0062715	0.006302
2.6781	0.0079194	0.0079194
2.6783	0.0097505	0.0097505
2.6784	0.012345	0.012345
2.6785	0.016922	0.016922
2.6786	0.015915	0.015915
2.6788	0.014542	0.014542
2.6789	0.011887	0.011856
2.679	0.01146	0.01146
2.6791	0.016037	0.016068
2.6793	0.01735	0.01735
2.6794	0.015427	0.015457
2.6795	0.0075532	0.0075837
2.6796	0.00096132	0.0009308
2.6798	0.001236	0.0012055
2.6799	0.0035554	0.0035554
2.68	0.008011	0.0080415
2.6801	0.0070039	0.0069734
2.6803	0.0059663	0.0059663
2.6804	0.0071565	0.0072175
2.6805	0.0049592	0.0049897
2.6806	0.0012055	0.0011749
2.6808	-0.011429	-0.011429
2.6809	-0.023117	-0.023148
2.681	-0.026444	-0.026474
2.6811	-0.024399	-0.024399
2.6813	-0.01387	-0.01387
2.6814	-0.0084077	-0.0084077
2.6815	-0.01149	-0.01149
2.6816	-0.017899	-0.01796
2.6818	-0.02562	-0.02565
2.6819	-0.023514	-0.023514
2.682	-0.015488	-0.015488
2.6821	-0.0095064	-0.0094759
2.6823	-0.0056306	-0.0056611
2.6824	-0.0066072	-0.0066072
2.6825	-0.0064546	-0.0064546
2.6826	-0.0016327	-0.0016327
2.6828	0.0027314	0.0027314
2.6829	0.0069734	0.0069734
2.683	0.010269	0.010269
2.6831	0.012467	0.012467
2.6833	0.015305	0.015305
2.6834	0.013504	0.013535
2.6835	0.0094453	0.0094453
2.6836	0.0073396	0.0073396
2.6838	0.0081941	0.0081636
2.6839	0.012985	0.013016
2.684	0.016648	0.016617
2.6841	0.017685	0.017655
2.6843	0.016129	0.016098
2.6844	0.013077	0.012985
2.6845	0.011978	0.011978
2.6846	0.0099031	0.0099031
2.6848	0.0067903	0.0067597
2.6849	0.0022431	0.0022431
2.685	-0.0016327	-0.0016327
2.6851	0.00019837	0.00019837
2.6853	0.0037995	0.0037995
2.6854	0.0074311	0.0074006
2.6855	0.0076448	0.0076448
2.6856	0.002945	0.0029145
2.6858	-0.0034638	-0.0034638
2.6859	-0.011002	-0.011002
2.686	-0.016739	-0.016709
2.6861	-0.020066	-0.020096
2.6863	-0.020432	-0.020432
2.6864	-0.018479	-0.018479
2.6865	-0.015427	-0.015457
2.6866	-0.011582	-0.011551
2.6868	-0.010483	-0.010513
2.6869	-0.011032	-0.011032
2.687	-0.011795	-0.011795
2.6871	-0.010056	-0.010056
2.6873	-0.0057221	-0.0057221
2.6874	-0.0039826	-0.0039826
2.6875	-0.0024262	-0.0023957
2.6876	-0.003769	-0.0037385
2.6878	-0.0040131	-0.0040131
2.6879	-0.00065614	-0.00065614
2.688	0.002884	0.002884
2.6881	0.011032	0.011032
2.6883	0.015885	0.015885
2.6884	0.017777	0.017807
2.6885	0.015274	0.015244
2.6886	0.008072	0.0081025
2.6888	0.0044099	0.0044099
2.6889	0.0026093	0.0025788
2.689	0.0083467	0.0083467
2.6891	0.01445	0.014481
2.6893	0.016861	0.016861
2.6894	0.016617	0.016617
2.6895	0.010269	0.010269
2.6896	0.0066072	0.0066072
2.6898	0.0030976	0.0030671
2.6899	0.0012665	0.001297
2.69	0.00074769	0.00074769
2.6901	-0.0023651	-0.0023651
2.6903	-0.0021515	-0.0021515
2.6904	-0.0013581	-0.0013581
2.6905	0.0010529	0.0010834
2.6906	0.0022126	0.0022126
2.6908	-0.0016632	-0.0016022
2.6909	-0.0059663	-0.0059663
2.691	-0.010483	-0.010483
2.6911	-0.012192	-0.012161
2.6913	-0.012161	-0.012161
2.6914	-0.013748	-0.013748
2.6915	-0.015091	-0.015061
2.6916	-0.01561	-0.01561
2.6918	-0.01387	-0.01384
2.6919	-0.011185	-0.011185
2.692	-0.0074617	-0.0074922
2.6921	-0.0036164	-0.0036164
2.6923	-0.0019379	-0.0019379
2.6924	-0.00080873	-0.00080873
2.6925	-0.00206	-0.00206
2.6926	-0.0040436	-0.0040742
2.6928	-0.0037385	-0.003769
2.6929	-0.0033722	-0.0033722
2.693	-0.00056458	-0.00053407
2.6931	0.0048371	0.0048371
2.6933	0.010636	0.010636
2.6934	0.016739	0.016739
2.6935	0.01857	0.01857
2.6936	0.014267	0.014267
2.6938	0.0075837	0.0075837
2.6939	0.0016938	0.0016938
2.694	0.0011444	0.0011444
2.6941	0.0059968	0.0059968
2.6943	0.011521	0.01149
2.6944	0.015579	0.015549
2.6945	0.014878	0.014908
2.6946	0.010422	0.010422
2.6948	0.005478	0.005478
2.6949	0.00074769	0.00068666
2.695	-0.0017853	-0.0017853
2.6951	-0.0026703	-0.0026703
2.6953	-0.0026093	-0.0026093
2.6954	-0.0017548	-0.0017548
2.6955	-0.00090028	-0.00090028
2.6956	-0.00086976	-0.00083925
2.6958	-0.0025177	-0.0025483
2.6959	-0.0047761	-0.0048066
2.696	-0.0077058	-0.0077058
2.6961	-0.008957	-0.008957
2.6963	-0.0092317	-0.0092012
2.6964	-0.0098726	-0.0098421
2.6965	-0.010849	-0.010849
2.6966	-0.013718	-0.013687
2.6968	-0.014481	-0.014481
2.6969	-0.013016	-0.013046
2.697	-0.0093233	-0.0093233
2.6971	-0.0049592	-0.0049287
2.6973	-0.0024872	-0.0024872
2.6974	-0.00065614	-0.00068666
2.6975	-0.0009308	-0.00086976
2.6976	-0.00090028	-0.0009308
2.6978	-0.0013581	-0.0013581
2.6979	-0.0017548	-0.0017548
2.698	0.00016785	0.00016785
2.6981	0.00071717	0.00071717
2.6983	0.0042267	0.0042267
2.6984	0.0090181	0.0090181
2.6985	0.012772	0.012741
2.6986	0.016678	0.016709
2.6988	0.013657	0.013657
2.6989	0.0085298	0.0085298
2.699	0.0042267	0.0042573
2.6991	0.0019379	0.0019379
2.6993	0.0051118	0.0051118
2.6994	0.0070039	0.0070039
2.6995	0.0087739	0.0087739
2.6996	0.0083772	0.0083772
2.6998	0.0059663	0.0059663
2.6999	0.0042573	0.0042878
2.7	0.00056458	0.00053407
2.7001	-0.0020294	-0.0020294
2.7003	-0.0037079	-0.0036774
2.7004	-0.0038605	-0.0038605
2.7005	-0.0025788	-0.0025788
2.7006	-0.0015412	-0.0015106
2.7008	-0.0010529	-0.0010529
2.7009	-0.0022736	-0.0023041
2.701	-0.0036774	-0.0036774
2.7011	-0.0052644	-0.0052644
2.7013	-0.0062409	-0.0062715
2.7014	-0.006424	-0.0063935
2.7015	-0.0074311	-0.0074311
2.7016	-0.0082856	-0.0083162
2.7018	-0.0088655	-0.0088655
2.7019	-0.0081331	-0.0081636
2.702	-0.0063325	-0.006363
2.7021	-0.0043183	-0.0043183
2.7023	-0.0025177	-0.0025177
2.7024	-0.0009308	-0.00096132
2.7025	0.001297	0.0012665
2.7026	0.0013275	0.0013275
2.7028	0.0010224	0.0010224
2.7029	0.00035096	0.00038148
2.703	0.00044251	0.00050355
2.7031	0.0033722	0.0033722
2.7033	0.0049592	0.0049592
2.7034	0.006363	0.006363
2.7035	0.0051423	0.0051423
2.7036	0.0042267	0.0042267
2.7038	0.0059358	0.0059358
2.7039	0.0070649	0.0070954
2.704	0.0081941	0.0081941
2.7041	0.0053559	0.0053559
2.7043	0.0022431	0.0022126
2.7044	0.00044251	0.00044251
2.7045	7.6295e-05	7.6295e-05
2.7046	0.0019989	0.0019989
2.7048	0.0017243	0.0016938
2.7049	0.0012665	0.0012665
2.705	-0.0002594	-0.0002594
2.7051	-0.0011749	-0.0012055
2.7053	-0.0011749	-0.0011444
2.7054	-0.0030976	-0.0030976
2.7055	-0.0044709	-0.0044709
2.7056	-0.005539	-0.005539
2.7058	-0.004593	-0.004593
2.7059	-0.0016022	-0.0016022
2.706	-0.0002594	-0.0002594
2.7061	-0.00044251	-0.00044251
2.7063	-0.0022736	-0.0022736
2.7064	-0.0040742	-0.0041047
2.7065	-0.0040742	-0.0041047
2.7066	-0.0041047	-0.0040742
2.7068	-0.0041047	-0.0040436
2.7069	-0.0036164	-0.0036164
2.707	-0.0027924	-0.0027924
2.7071	-1.5259e-05	1.5259e-05
2.7073	0.0032807	0.0032807
2.7074	0.003769	0.003769
2.7075	0.003006	0.003006
2.7076	0.0011139	0.0011139
2.7078	1.5259e-05	1.5259e-05
2.7079	0.0015717	0.0015412
2.708	0.0013581	0.0013581
2.7081	0.0016938	0.0016938
2.7083	0.002182	0.0021515
2.7084	0.0018463	0.0018463
2.7085	0.0035859	0.0035859
2.7086	0.0036164	0.0036164
2.7088	0.0030976	0.0030976
2.7089	0.0025177	0.0025483
2.709	0.00068666	0.00068666
2.7091	0.0011139	0.0011444
2.7093	0.0016938	0.0017243
2.7094	0.0024567	0.0024262
2.7095	0.0023041	0.0023041
2.7096	-0.00035096	-0.00035096
2.7098	-0.002182	-0.0021515
2.7099	-0.002884	-0.0029145
2.71	-0.00090028	-0.00090028
2.7101	0.00090028	0.00090028
2.7103	0.001297	0.001297
2.7104	0.00053407	0.00053407
2.7105	-0.0016022	-0.0016327
2.7106	-0.0030365	-0.0030365
2.7108	-0.004654	-0.0046235
2.7109	-0.0032807	-0.0033112
2.711	-0.00047303	-0.00050355
2.7111	0.0014191	0.0014191
2.7113	0.0015106	0.0015106
2.7114	-0.0011139	-0.0011139
2.7115	-0.0027314	-0.0027619
2.7116	-0.0034943	-0.0035248
2.7118	-0.0038911	-0.0038911
2.7119	-0.0037995	-0.0037995
2.712	-0.0041047	-0.0040742
2.7121	-0.0026703	-0.0026703
2.7123	0.0002594	0.0002594
2.7124	0.0023651	0.0023346
2.7125	0.0033112	0.0033112
2.7126	0.0015106	0.0015106
2.7128	-0.0017853	-0.0017548
2.7129	-0.0030365	-0.003006
2.713	-0.0023957	-0.0023957
2.7131	-0.00013733	-0.00013733
2.7133	0.0016022	0.0016022
2.7134	0.001297	0.001297
2.7135	0.00077821	0.00077821
2.7136	0.00032044	0.00032044
2.7138	0.00041199	0.00044251
2.7139	0.00096132	0.0009308
2.714	0.00019837	0.00019837
2.7141	-0.00062562	-0.00068666
2.7143	-0.00080873	-0.00083925
2.7144	0.0005951	0.0005951
2.7145	0.0030365	0.0030671
2.7146	0.0043183	0.0043488
2.7148	0.0038911	0.0038911
2.7149	0.0019684	0.0019989
2.715	0.0005951	0.00056458
2.7151	0.00099184	0.00096132
2.7153	0.0025788	0.0025483
2.7154	0.0042573	0.0042267
2.7155	0.0046235	0.0046235
2.7156	0.0033722	0.0034028
2.7158	0.0014191	0.0014496
2.7159	-0.00028992	-0.00032044
2.716	-0.00083925	-0.00083925
2.7161	-0.00013733	-0.00016785
2.7163	0.0016327	0.0016022
2.7164	0.002884	0.002884
2.7165	0.0022736	0.0022736
2.7166	0.00038148	0.00038148
2.7168	-0.0027008	-0.0027314
2.7169	-0.005417	-0.005417
2.717	-0.0061189	-0.0060883
2.7171	-0.005478	-0.0055085
2.7173	-0.0029755	-0.002945
2.7174	-0.00074769	-0.00074769
2.7175	0.00035096	0.00035096
2.7176	0.00065614	0.00062562
2.7178	-0.00077821	-0.00077821
2.7179	-0.0021515	-0.0022126
2.718	-0.0032502	-0.0032502
2.7181	-0.0043183	-0.0043183
2.7183	-0.0035859	-0.0035859
2.7184	-0.0027314	-0.0027619
2.7185	-0.0017853	-0.0018158
2.7186	-0.00044251	-0.00044251
2.7188	-0.00074769	-0.00077821
2.7189	-0.0005951	-0.0005951
2.719	-0.00047303	-0.00047303
2.7191	-0.00038148	-0.00038148
2.7193	0.00032044	0.00032044
2.7194	0.00019837	0.00016785
2.7195	0.00062562	0.00062562
2.7196	0.0014191	0.0013886
2.7198	0.0019989	0.0019989
2.7199	0.0022431	0.0022736
2.72	0.0024872	0.0024567
2.7201	0.0023957	0.0024262
2.7203	0.0025483	0.0025788
2.7204	0.0027314	0.0027314
2.7205	0.0030976	0.0030976
2.7206	0.0040742	0.0040436
2.7208	0.0041352	0.0041352
2.7209	0.0034638	0.0034333
2.721	0.00206	0.0020294
2.7211	-7.6295e-05	-7.6295e-05
2.7213	-0.0010224	-0.0010224
2.7214	-0.00068666	-0.00068666
2.7215	0.00032044	0.00032044
2.7216	0.0015412	0.0015412
2.7218	0.0012665	0.0012665
2.7219	-0.00035096	-0.00035096
2.722	-0.0023651	-0.0023957
2.7221	-0.0042878	-0.0042878
2.7223	-0.0046845	-0.0046845
2.7224	-0.0034638	-0.0034333
2.7225	-0.0012055	-0.001236
2.7226	0.00086976	0.00086976
2.7228	0.0013581	0.0013581
2.7229	1.5259e-05	1.5259e-05
2.723	-0.0019074	-0.0019379
