4.437	0.00019837	0.00022889
4.4371	0.00080873	0.00080873
4.4373	-0.00062562	-0.0005951
4.4374	0.00096132	0.00099184
4.4375	-0.00086976	-0.00086976
4.4376	0.0011139	0.0011139
4.4377	-0.0012665	-0.0012665
4.4379	4.5777e-05	4.5777e-05
4.438	-0.0016632	-0.0016632
4.4381	-0.00032044	-0.00028992
4.4383	-0.001297	-0.001297
4.4384	0.00035096	0.00032044
4.4385	-0.00090028	-0.00090028
4.4386	0.00038148	0.00038148
4.4387	-0.00035096	-0.00032044
4.4389	-0.00010681	-0.00013733
4.439	0.0005951	0.0005951
4.4391	-0.00044251	-0.00047303
4.4392	0.0010224	0.0010224
4.4394	0.00016785	0.00019837
4.4395	0.0014191	0.0013886
4.4396	0.00077821	0.00074769
4.4398	0.0013275	0.0013581
4.4399	7.6295e-05	7.6295e-05
4.44	0.0010224	0.0010224
4.4401	-0.00035096	-0.00035096
4.4402	0.00083925	0.00083925
4.4404	0.00038148	0.00038148
4.4405	0.00083925	0.00083925
4.4406	0.0014191	0.0014191
4.4407	0.0012055	0.0012055
4.4409	0.0014191	0.0013886
4.441	0.0017853	0.0017853
4.4411	0.00099184	0.0010529
4.4413	0.0012055	0.0012055
4.4414	0.00065614	0.00065614
4.4415	-7.6295e-05	-7.6295e-05
4.4416	1.5259e-05	-1.5259e-05
4.4417	-0.0012055	-0.0012055
4.4419	-0.0021515	-0.0021515
4.442	-0.0022126	-0.002182
4.4421	-0.0033417	-0.0033417
4.4422	-0.0027314	-0.0027008
4.4424	-0.0033112	-0.0032807
4.4425	-0.0041352	-0.0041352
4.4426	-0.0044709	-0.0044709
4.4428	-0.0048981	-0.0049287
4.4429	-0.0050813	-0.0050813
4.443	-0.0034943	-0.0035554
4.4431	-0.0037385	-0.0037385
4.4432	-0.0022736	-0.0022431
4.4434	-0.0019684	-0.0019379
4.4435	-0.0014496	-0.0014496
4.4436	-4.5777e-05	-4.5777e-05
4.4437	0.00068666	0.00068666
4.4439	0.0023957	0.0024262
4.444	0.0043793	0.0043793
4.4441	0.0059358	0.0059358
4.4443	0.0069123	0.0068818
4.4444	0.008072	0.0080415
4.4445	0.0074311	0.0074311
4.4446	0.0081025	0.0081331
4.4448	0.007187	0.007187
4.4449	0.0074617	0.0074617
4.445	0.0073701	0.0073701
4.4451	0.0067597	0.0067597
4.4452	0.0061799	0.0061189
4.4454	0.004715	0.0046845
4.4455	0.0036774	0.0036774
4.4456	0.0024567	0.0024567
4.4458	0.0013275	0.001297
4.4459	0.0002594	0.0002594
4.446	-0.00056458	-0.00056458
4.4461	-0.0019074	-0.0019074
4.4463	-0.0031891	-0.0032197
4.4464	-0.0059968	-0.0059663
4.4465	-0.0085603	-0.0085603
4.4466	-0.010971	-0.010971
4.4467	-0.014542	-0.014511
4.4469	-0.015824	-0.015793
4.447	-0.018601	-0.01857
4.4471	-0.019669	-0.019699
4.4473	-0.019303	-0.019333
4.4474	-0.018723	-0.018723
4.4475	-0.013565	-0.013565
4.4476	-0.0070039	-0.0069734
4.4478	0.00016785	0.00016785
4.4479	0.008896	0.0088655
4.448	0.013779	0.013809
4.4481	0.016312	0.016312
4.4482	0.018387	0.018357
4.4484	0.014939	0.014939
4.4485	0.013321	0.013352
4.4486	0.0098116	0.0098116
4.4488	0.0050813	0.0050813
4.4489	0.0042267	0.0042267
4.449	0.0017243	0.0017853
4.4491	0.001236	0.0012055
4.4492	0.0028229	0.0028534
4.4494	0.0032197	0.0032197
4.4495	0.0069734	0.0069734
4.4496	0.011582	0.011582
4.4497	0.013626	0.013626
4.4499	0.01735	0.01735
4.45	0.015427	0.015427
4.4501	0.011032	0.011002
4.4503	0.00795	0.00795
4.4504	0.00053407	0.00056458
4.4505	-0.0026398	-0.0026398
4.4506	-0.0053559	-0.0053559
4.4507	-0.0092012	-0.0092317
4.4509	-0.008896	-0.008896
4.451	-0.010208	-0.010208
4.4511	-0.011246	-0.011276
4.4512	-0.0097505	-0.00972
4.4514	-0.01326	-0.01323
4.4515	-0.014298	-0.014298
4.4516	-0.018173	-0.018173
4.4518	-0.023392	-0.023392
4.4519	-0.026169	-0.026139
4.452	-0.028885	-0.028855
4.4521	-0.028672	-0.028672
4.4522	-0.020157	-0.020157
4.4524	-0.012222	-0.012222
4.4525	0.0028229	0.0028534
4.4526	0.014298	0.014298
4.4528	0.021164	0.021134
4.4529	0.026871	0.026841
4.453	0.025193	0.025162
4.4531	0.021256	0.021256
4.4532	0.017105	0.017105
4.4534	0.0084077	0.0084077
4.4535	0.0043183	0.0043488
4.4536	0.0013275	0.0013581
4.4537	-0.0015717	-0.0015717
4.4539	0.0005951	0.0005951
4.454	0.00074769	0.00074769
4.4541	0.0031281	0.0030976
4.4543	0.011093	0.011124
4.4544	0.015305	0.015274
4.4545	0.021653	0.021622
4.4546	0.021775	0.021775
4.4547	0.014298	0.014328
4.4549	0.0097505	0.0097505
4.455	0.0032807	0.0032807
4.4551	0.0010224	0.0010529
4.4552	0.0026398	0.0026398
4.4554	-0.00077821	-0.00077821
4.4555	-0.002182	-0.0022126
4.4556	-0.0032197	-0.0032502
4.4558	-0.0050507	-0.0050202
4.4559	-0.0027924	-0.0028229
4.456	-0.0061799	-0.0061799
4.4561	-0.01619	-0.01619
4.4562	-0.022019	-0.022019
4.4564	-0.033066	-0.033066
4.4565	-0.035813	-0.035813
4.4566	-0.036912	-0.036912
4.4567	-0.042069	-0.042069
4.4569	-0.040269	-0.040238
4.457	-0.031449	-0.031418
4.4571	-0.015885	-0.015885
4.4573	0.011582	0.011612
4.4574	0.030076	0.030106
4.4575	0.038163	0.038163
4.4576	0.041459	0.041459
4.4577	0.031327	0.031327
4.4579	0.024369	0.024369
4.458	0.016281	0.016281
4.4581	0.0024262	0.0024262
4.4582	-0.0042267	-0.0042267
4.4584	-0.010788	-0.010788
4.4585	-0.012497	-0.012497
4.4586	-0.0046845	-0.0046235
4.4588	-0.00038148	-0.00038148
4.4589	0.0082856	0.0083162
4.459	0.018753	0.018784
4.4591	0.024857	0.024857
4.4592	0.033433	0.033433
4.4594	0.034104	0.034104
4.4595	0.023545	0.023545
4.4596	0.014572	0.014572
4.4597	-0.00090028	-0.0009308
4.4599	-0.0068818	-0.0068818
4.46	-0.0068818	-0.0068513
4.4601	-0.0077974	-0.0077974
4.4603	-0.0059968	-0.0059663
4.4604	-0.0047456	-0.0047456
4.4605	-0.0043488	-0.0043488
4.4606	0.0034333	0.0034028
4.4608	0.0048066	0.0047761
4.4609	-0.0018463	-0.0018158
4.461	-0.014786	-0.014817
4.4611	-0.034165	-0.034134
4.4612	-0.043595	-0.043565
4.4614	-0.047807	-0.047776
4.4615	-0.048692	-0.048722
4.4616	-0.050217	-0.050217
4.4618	-0.04918	-0.04921
4.4619	-0.036484	-0.036484
4.462	-0.0066987	-0.0066987
4.4621	0.026658	0.026658
4.4623	0.053269	0.053269
4.4624	0.058427	0.058457
4.4625	0.047837	0.047807
4.4626	0.030014	0.030014
4.4627	0.01268	0.01268
4.4629	-0.0005951	-0.0005951
4.463	-0.011734	-0.011673
4.4631	-0.017502	-0.017563
4.4633	-0.017716	-0.017746
4.4634	-0.011124	-0.011154
4.4635	-0.0015412	-0.0015412
4.4636	0.010636	0.010666
4.4638	0.021042	0.021042
4.4639	0.035142	0.035142
4.464	0.042557	0.042557
4.4641	0.043839	0.043839
4.4642	0.032334	0.032364
4.4644	0.013962	0.013993
4.4645	-0.0030976	-0.0030976
4.4646	-0.010727	-0.010727
4.4648	-0.011856	-0.011826
4.4649	-0.005539	-0.005539
4.465	-0.0021515	-0.002182
4.4651	-0.0014496	-0.0014496
4.4652	-0.0011749	-0.0012665
4.4654	-0.00047303	-0.00044251
4.4655	0.0056611	0.0056916
4.4656	0.011337	0.011307
4.4657	0.008896	0.008896
4.4659	-0.0038605	-0.0038605
4.466	-0.025071	-0.025071
4.4661	-0.044999	-0.044999
4.4663	-0.050889	-0.050889
4.4664	-0.050492	-0.050492
4.4665	-0.047501	-0.047532
4.4666	-0.048844	-0.048844
4.4667	-0.052506	-0.052506
4.4669	-0.040299	-0.040269
4.467	-0.0077974	-0.0077974
4.4671	0.031754	0.031785
4.4672	0.064347	0.064378
4.4674	0.071977	0.071946
4.4675	0.05333	0.053361
4.4676	0.027939	0.027939
4.4678	0.0017548	0.0017853
4.4679	-0.015518	-0.015549
4.468	-0.021927	-0.021927
4.4681	-0.023545	-0.023575
4.4682	-0.021225	-0.021225
4.4684	-0.0099641	-0.0099336
4.4685	0.00062562	0.00065614
4.4686	0.016464	0.016464
4.4688	0.033463	0.033433
4.4689	0.044846	0.044877
4.469	0.050736	0.050736
4.4691	0.046799	0.046799
4.4692	0.028397	0.028397
4.4694	0.0078889	0.0078889
4.4695	-0.012894	-0.012863
4.4696	-0.024979	-0.024979
4.4697	-0.020645	-0.020645
4.4699	-0.0097505	-0.0097505
4.47	0.0023346	0.0023346
4.4701	0.012222	0.012222
4.4703	0.011215	0.011215
4.4704	0.0099641	0.0099641
4.4705	0.010819	0.010849
4.4706	0.0085298	0.0084993
4.4707	0.0082856	0.0083162
4.4709	-0.0010834	-0.0010834
4.471	-0.019547	-0.019547
4.4711	-0.033066	-0.033066
4.4712	-0.041306	-0.041306
4.4714	-0.039139	-0.039109
4.4715	-0.028153	-0.028153
4.4716	-0.032883	-0.032822
4.4718	-0.046128	-0.046128
4.4719	-0.060105	-0.060105
4.472	-0.06154	-0.061509
4.4721	-0.026444	-0.026444
4.4722	0.024491	0.024491
4.4724	0.062943	0.063005
4.4725	0.079088	0.079088
4.4726	0.058976	0.058976
4.4727	0.027085	0.027054
4.4729	0.0071565	0.007126
4.473	-0.011673	-0.011643
4.4731	-0.019516	-0.019516
4.4733	-0.021988	-0.021988
4.4734	-0.028794	-0.028794
4.4735	-0.01796	-0.01799
4.4736	-0.00053407	-0.00056458
4.4737	0.013169	0.013169
4.4739	0.03328	0.03328
4.474	0.0421	0.0421
4.4741	0.044755	0.044755
4.4742	0.049973	0.049973
4.4744	0.036515	0.036515
4.4745	0.013931	0.013931
4.4746	-0.010941	-0.01091
4.4748	-0.038499	-0.038499
4.4749	-0.042313	-0.042313
4.475	-0.024399	-0.024399
4.4751	-0.0015412	-0.0015412
4.4753	0.023331	0.023301
4.4754	0.031174	0.031205
4.4755	0.024643	0.024643
4.4756	0.022995	0.022965
4.4757	0.018479	0.018448
4.4759	0.01387	0.01387
4.476	0.0086824	0.0086824
4.4761	-0.0065461	-0.0065461
4.4763	-0.020066	-0.020066
4.4764	-0.026871	-0.026902
4.4765	-0.036637	-0.036637
4.4766	-0.040818	-0.040787
4.4768	-0.043565	-0.043565
4.4769	-0.051926	-0.051957
4.477	-0.055924	-0.055894
4.4771	-0.058915	-0.058915
4.4772	-0.060227	-0.060227
4.4774	-0.034684	-0.034714
4.4775	0.0077668	0.0077668
4.4776	0.050156	0.050156
4.4778	0.085466	0.085435
4.4779	0.084764	0.084794
4.478	0.056168	0.056168
4.4781	0.027451	0.027481
4.4783	-0.0083162	-0.0083467
4.4784	-0.031601	-0.031571
4.4785	-0.034775	-0.034775
4.4786	-0.039902	-0.039902
4.4787	-0.027085	-0.027085
4.4789	-0.0073396	-0.0073396
4.479	0.0040131	0.0040436
4.4791	0.024369	0.024399
4.4793	0.041825	0.041825
4.4794	0.049699	0.049668
4.4795	0.063584	0.063615
4.4796	0.05333	0.05333
4.4798	0.026535	0.026535
4.4799	-0.003769	-0.0037385
4.48	-0.041703	-0.041672
4.4801	-0.054002	-0.054032
4.4802	-0.037217	-0.037247
4.4804	-0.0084993	-0.0084993
4.4805	0.029435	0.029435
4.4806	0.047623	0.047623
4.4808	0.039811	0.039841
4.4809	0.031388	0.031388
4.481	0.018296	0.018296
4.4811	0.012711	0.012711
4.4812	0.012619	0.012619
4.4814	-0.002945	-0.002945
4.4815	-0.023148	-0.023117
4.4816	-0.043198	-0.043198
4.4817	-0.059678	-0.059709
4.4819	-0.05742	-0.05742
4.482	-0.044907	-0.044907
4.4821	-0.033677	-0.033707
4.4823	-0.029648	-0.029648
4.4824	-0.04094	-0.040909
4.4825	-0.054673	-0.054704
4.4826	-0.054643	-0.054643
4.4827	-0.024338	-0.024338
4.4829	0.02565	0.02565
4.483	0.067338	0.067338
4.4831	0.084916	0.084947
4.4833	0.068254	0.068223
4.4834	0.035019	0.035019
4.4835	0.011124	0.011124
4.4836	-0.013046	-0.013046
4.4838	-0.029191	-0.02916
4.4839	-0.035782	-0.035721
4.484	-0.043046	-0.043076
4.4841	-0.029862	-0.029831
4.4842	-0.0060578	-0.0060273
4.4844	0.012589	0.012558
4.4845	0.035508	0.035508
4.4846	0.05095	0.05098
4.4848	0.060502	0.060533
4.4849	0.071489	0.071519
4.485	0.05745	0.057481
4.4851	0.025071	0.02504
4.4852	-0.014694	-0.014694
4.4854	-0.054002	-0.054002
4.4855	-0.059129	-0.059129
4.4856	-0.036484	-0.036515
4.4857	0.0021515	0.0021515
4.4859	0.041642	0.041642
4.486	0.049729	0.049729
4.4861	0.039475	0.039506
4.4863	0.024491	0.024491
4.4864	0.0084382	0.0084077
4.4865	0.0069429	0.0069734
4.4866	-0.0019684	-0.0019684
4.4867	-0.023575	-0.023545
4.4869	-0.039139	-0.03917
4.487	-0.056962	-0.056962
4.4871	-0.053696	-0.053666
4.4872	-0.037156	-0.037186
4.4874	-0.027329	-0.027359
4.4875	-0.013107	-0.013077
4.4876	-0.014572	-0.014511
4.4878	-0.031235	-0.031235
4.4879	-0.042771	-0.042771
4.488	-0.06041	-0.06041
4.4881	-0.049058	-0.049058
4.4882	-0.00016785	-0.00016785
4.4884	0.041367	0.041367
4.4885	0.081285	0.081285
4.4886	0.085924	0.085954
4.4887	0.051408	0.051377
4.4889	0.024552	0.024552
4.489	-0.0066682	-0.0066682
4.4891	-0.035447	-0.035447
4.4893	-0.036362	-0.036362
4.4894	-0.042924	-0.042954
4.4895	-0.030503	-0.030503
4.4896	-0.00096132	-0.00096132
4.4897	0.017411	0.017411
4.4899	0.038376	0.038376
4.49	0.059251	0.059251
4.4901	0.067613	0.067613
4.4902	0.080217	0.080186
4.4904	0.069993	0.069993
4.4905	0.030869	0.030869
4.4906	-0.017319	-0.017319
4.4908	-0.065293	-0.065293
4.4909	-0.083696	-0.083696
4.491	-0.061906	-0.061906
4.4911	-0.01973	-0.01973
4.4913	0.028763	0.028763
4.4914	0.059709	0.059709
4.4915	0.061784	0.061784
4.4916	0.049332	0.049363
4.4917	0.026169	0.026139
4.4919	0.0035859	0.0035554
4.492	-0.013169	-0.013169
4.4921	-0.034684	-0.034684
4.4923	-0.050675	-0.050675
4.4924	-0.055283	-0.055283
4.4925	-0.049088	-0.049119
4.4926	-0.02501	-0.02501
4.4928	-0.002182	-0.002182
4.4929	0.0041352	0.0041352
4.493	0.0025483	0.0025483
4.4931	-0.018204	-0.018204
4.4932	-0.046006	-0.046006
4.4934	-0.061295	-0.061295
4.4935	-0.074632	-0.074632
4.4936	-0.062638	-0.062608
4.4938	-0.017716	-0.017685
4.4939	0.020645	0.020645
4.494	0.064256	0.064286
4.4941	0.087907	0.087907
4.4943	0.073014	0.073014
4.4944	0.05919	0.05922
4.4945	0.027848	0.027848
4.4946	-0.022446	-0.022416
4.4947	-0.04622	-0.04622
4.4949	-0.064195	-0.064195
4.495	-0.054032	-0.054063
4.4951	-0.0032197	-0.0032197
4.4953	0.029953	0.029923
4.4954	0.053971	0.053971
4.4955	0.071519	0.071519
4.4956	0.061723	0.061753
4.4958	0.064103	0.064134
4.4959	0.061479	0.061418
4.496	0.027237	0.027237
4.4961	-0.0082551	-0.0082856
4.4962	-0.054063	-0.054032
4.4964	-0.086992	-0.087022
4.4965	-0.073655	-0.073655
4.4966	-0.037522	-0.037491
4.4968	0.01445	0.01445
4.4969	0.065934	0.065965
4.497	0.080186	0.080156
4.4971	0.06688	0.06688
4.4972	0.034806	0.034806
4.4974	-0.0052949	-0.0052949
4.4975	-0.028336	-0.028367
4.4976	-0.04152	-0.04155
4.4977	-0.050462	-0.050462
4.4979	-0.050278	-0.050248
4.498	-0.042649	-0.042679
4.4981	-0.024582	-0.024582
4.4983	0.0030671	0.0030671
4.4984	0.018875	0.018875
4.4985	0.014755	0.014725
4.4986	-0.0044404	-0.0044709
4.4987	-0.038041	-0.038071
4.4989	-0.066697	-0.066697
4.499	-0.07866	-0.07866
4.4991	-0.078996	-0.078996
4.4993	-0.056657	-0.056687
4.4994	-0.0081636	-0.0081941
4.4995	0.034775	0.034775
4.4996	0.082383	0.082353
4.4998	0.11012	0.11015
4.4999	0.097765	0.097765
4.5	0.069963	0.069963
4.5001	0.016678	0.016678
4.5002	-0.051255	-0.051286
4.5004	-0.078355	-0.078355
4.5005	-0.082872	-0.082902
4.5006	-0.051102	-0.051102
4.5008	0.012406	0.012436
4.5009	0.052537	0.052506
4.501	0.074418	0.074418
4.5011	0.0851	0.08513
4.5012	0.066361	0.066361
4.5014	0.058579	0.05861
4.5015	0.043381	0.043351
4.5016	0.0052033	0.0052033
4.5017	-0.029709	-0.029709
4.5019	-0.070878	-0.070909
4.502	-0.096056	-0.096056
4.5021	-0.074601	-0.074632
4.5023	-0.033738	-0.033738
4.5024	0.026719	0.026688
4.5025	0.079057	0.079057
4.5026	0.091142	0.091142
4.5027	0.077348	0.077348
4.5029	0.03801	0.03798
4.503	-0.011978	-0.011978
4.5031	-0.043442	-0.043442
4.5032	-0.066545	-0.066545
4.5034	-0.072374	-0.072374
4.5035	-0.059678	-0.059678
4.5036	-0.038132	-0.038132
4.5038	-0.0035859	-0.0035554
4.5039	0.028183	0.028153
4.504	0.036271	0.03624
4.5041	0.020951	0.02092
4.5042	-0.01326	-0.01323
4.5044	-0.05272	-0.052689
4.5045	-0.076432	-0.076432
4.5046	-0.083268	-0.083268
4.5047	-0.073594	-0.073594
4.5049	-0.048753	-0.048722
4.505	-0.0025788	-0.0025788
4.5051	0.045487	0.045457
4.5053	0.093156	0.093126
4.5054	0.12078	0.12078
4.5055	0.10915	0.10915
4.5056	0.071305	0.071305
4.5057	0.012802	0.012772
4.5059	-0.057786	-0.057786
4.506	-0.089891	-0.089891
4.5061	-0.087266	-0.087266
4.5062	-0.049973	-0.050004
4.5064	0.017777	0.017746
4.5065	0.06331	0.06331
4.5066	0.082628	0.082628
4.5068	0.083299	0.083299
4.5069	0.056535	0.056535
4.507	0.038499	0.038529
4.5071	0.024826	0.024826
4.5073	-0.0025483	-0.0025483
4.5074	-0.022324	-0.022354
4.5075	-0.051652	-0.051682
4.5076	-0.073106	-0.073075
4.5077	-0.059159	-0.05919
4.5079	-0.029679	-0.029679
4.508	0.019791	0.019791
4.5081	0.067033	0.067063
4.5083	0.074632	0.074571
4.5084	0.062211	0.062211
4.5085	0.023728	0.023758
4.5086	-0.024826	-0.024796
4.5088	-0.048539	-0.048539
4.5089	-0.061448	-0.061418
4.509	-0.056748	-0.056779
4.5091	-0.034257	-0.034257
4.5092	-0.020462	-0.020523
4.5094	0.0016327	0.0016022
4.5095	0.021408	0.021408
4.5096	0.023697	0.023728
4.5098	0.016007	0.016007
4.5099	-0.0087739	-0.0087739
4.51	-0.045975	-0.045945
4.5101	-0.069902	-0.069932
4.5103	-0.081498	-0.081498
4.5104	-0.073747	-0.073777
4.5105	-0.048539	-0.048569
4.5106	-0.0099031	-0.0098726
4.5107	0.033951	0.03389
4.5109	0.071672	0.071672
4.511	0.099168	0.099168
4.5111	0.097124	0.097093
4.5113	0.069535	0.069505
4.5114	0.027909	0.027878
4.5115	-0.031113	-0.031174
4.5116	-0.071611	-0.071611
4.5118	-0.076646	-0.076677
4.5119	-0.060899	-0.060899
4.512	-0.011582	-0.011582
4.5121	0.035843	0.035813
4.5122	0.058091	0.058091
4.5124	0.069078	0.069108
4.5125	0.060685	0.060685
4.5126	0.044175	0.044175
4.5128	0.040757	0.040757
4.5129	0.022782	0.022782
4.513	0.0018158	0.0017853
4.5131	-0.024582	-0.024613
4.5132	-0.058274	-0.058274
4.5134	-0.070054	-0.070054
4.5135	-0.054826	-0.054826
4.5136	-0.021683	-0.021683
4.5137	0.031968	0.031968
4.5139	0.061692	0.061692
4.514	0.068864	0.068864
4.5141	0.056077	0.056107
4.5143	0.020676	0.020676
4.5144	-0.0074617	-0.0074922
4.5145	-0.027237	-0.027207
4.5146	-0.04686	-0.04686
4.5147	-0.046494	-0.046494
4.5149	-0.043748	-0.043748
4.515	-0.028153	-0.028122
4.5151	0.0020294	0.0020294
4.5153	0.018997	0.018997
4.5154	0.025254	0.025223
4.5155	0.013565	0.013565
4.5156	-0.018265	-0.018265
4.5157	-0.038804	-0.038773
4.5159	-0.054826	-0.054826
4.516	-0.062364	-0.062394
4.5161	-0.050919	-0.050919
4.5162	-0.047196	-0.047196
4.5164	-0.02797	-0.02797
4.5165	0.013779	0.013779
4.5166	0.046464	0.046433
4.5168	0.087266	0.087297
4.5169	0.10414	0.10417
4.517	0.077287	0.077287
4.5171	0.042802	0.042832
4.5172	-0.016464	-0.016464
4.5174	-0.075822	-0.075822
4.5175	-0.086625	-0.086625
4.5176	-0.078843	-0.078813
4.5177	-0.033341	-0.033371
4.5179	0.031174	0.031174
4.518	0.062119	0.062089
4.5181	0.07454	0.07454
4.5183	0.069261	0.069261
4.5184	0.040238	0.040208
4.5185	0.035416	0.035416
4.5186	0.026902	0.026902
4.5187	0.0017853	0.0017548
4.5189	-0.021317	-0.021347
4.519	-0.060075	-0.060044
4.5191	-0.083391	-0.083391
4.5192	-0.063432	-0.063432
4.5194	-0.025986	-0.026017
4.5195	0.031632	0.031632
4.5196	0.07863	0.07866
4.5198	0.08217	0.082139
4.5199	0.071275	0.071275
4.52	0.036698	0.036698
4.5201	-0.0049897	-0.0049897
4.5202	-0.030961	-0.030961
4.5204	-0.058213	-0.058213
4.5205	-0.068009	-0.068009
4.5206	-0.056565	-0.056565
4.5207	-0.041093	-0.041123
4.5209	-0.004593	-0.004593
4.521	0.029923	0.029923
4.5211	0.044511	0.044511
4.5213	0.047898	0.047868
4.5214	0.01445	0.01445
4.5215	-0.027054	-0.027054
4.5216	-0.059312	-0.059312
4.5217	-0.081376	-0.081346
4.5219	-0.072007	-0.072007
4.522	-0.049363	-0.049393
4.5221	-0.036667	-0.036667
4.5222	0.00065614	0.00065614
4.5224	0.028763	0.028763
4.5225	0.061357	0.061387
4.5226	0.1013	0.1013
4.5228	0.098711	0.098711
4.5229	0.07158	0.07158
4.523	0.023301	0.023301
4.5231	-0.058824	-0.058854
4.5233	-0.10118	-0.10115
4.5234	-0.10277	-0.10277
4.5235	-0.07393	-0.07396
4.5236	0.0030671	0.0030976
4.5237	0.059403	0.059464
4.5239	0.083452	0.083452
4.524	0.090562	0.090562
4.5241	0.062181	0.062211
4.5243	0.035904	0.035935
4.5244	0.022049	0.022019
4.5245	-0.0095369	-0.0095369
4.5246	-0.030411	-0.030411
4.5248	-0.05333	-0.053361
4.5249	-0.071214	-0.071214
4.525	-0.054002	-0.054032
4.5251	-0.021958	-0.021958
4.5252	0.018784	0.018784
4.5254	0.061936	0.061967
4.5255	0.072007	0.071977
4.5256	0.066117	0.066087
4.5258	0.047745	0.047745
4.5259	0.0093843	0.0093843
4.526	-0.019516	-0.019516
4.5261	-0.048844	-0.048844
4.5263	-0.072709	-0.072679
4.5264	-0.067216	-0.067216
4.5265	-0.048112	-0.048112
4.5266	-0.0091707	-0.0091707
4.5267	0.038956	0.038956
4.5269	0.06038	0.060349
4.527	0.058518	0.058488
4.5271	0.029129	0.029129
4.5273	-0.023423	-0.023392
4.5274	-0.057206	-0.057176
4.5275	-0.076432	-0.076463
4.5276	-0.074052	-0.074052
4.5277	-0.050584	-0.050584
4.5279	-0.03624	-0.03621
4.528	-0.02269	-0.02269
4.5281	0.0083772	0.0084077
4.5282	0.030503	0.030533
4.5284	0.068772	0.068803
4.5285	0.097826	0.097826
4.5286	0.084947	0.084916
4.5288	0.056046	0.056077
4.5289	-0.0002594	-0.0002594
4.529	-0.070268	-0.070237
4.5291	-0.093706	-0.093736
4.5292	-0.091905	-0.091905
4.5294	-0.052201	-0.052201
4.5295	0.019242	0.019211
4.5296	0.064225	0.064225
4.5297	0.086809	0.086839
4.5299	0.08574	0.085771
4.53	0.048692	0.048661
4.5301	0.021622	0.021653
4.5303	-0.0010224	-0.00099184
4.5304	-0.024399	-0.024369
4.5305	-0.027054	-0.027054
4.5306	-0.034745	-0.034745
4.5307	-0.038132	-0.038102
4.5309	-0.023728	-0.023758
4.531	-0.012711	-0.01268
4.5311	0.0091096	0.0090791
4.5313	0.033341	0.033341
4.5314	0.038163	0.038132
4.5315	0.039872	0.039841
4.5316	0.026841	0.026841
4.5317	0.0017243	0.0016938
4.5319	-0.015213	-0.015213
4.532	-0.033097	-0.033127
4.5321	-0.042344	-0.042374
4.5322	-0.033494	-0.033494
4.5324	-0.02031	-0.02031
4.5325	0.0025788	0.0025788
4.5326	0.026658	0.026658
4.5328	0.034134	0.034134
4.5329	0.029496	0.029526
4.533	0.011276	0.011246
4.5331	-0.021775	-0.021744
4.5332	-0.043717	-0.043717
4.5334	-0.055741	-0.055741
4.5335	-0.055802	-0.055741
4.5336	-0.039963	-0.039963
4.5337	-0.027207	-0.027176
4.5339	-0.025162	-0.025132
4.534	-0.013077	-0.013046
4.5341	0.0038911	0.0038911
4.5343	0.028519	0.028519
4.5344	0.066178	0.066148
4.5345	0.077836	0.077836
4.5346	0.064073	0.064073
4.5347	0.034806	0.034806
4.5349	-0.021988	-0.021988
4.535	-0.065293	-0.065293
4.5351	-0.076768	-0.076738
4.5352	-0.067521	-0.067521
4.5354	-0.016678	-0.016648
4.5355	0.036179	0.036149
4.5356	0.067338	0.067338
4.5358	0.079118	0.079118
4.5359	0.058152	0.058152
4.536	0.024521	0.024552
4.5361	0.0076448	0.0076448
4.5362	-0.007187	-0.007187
4.5364	-0.0037079	-0.0037079
4.5365	0.0016022	0.0016022
4.5366	-0.0095369	-0.0095674
4.5367	-0.019516	-0.019455
4.5369	-0.030137	-0.030137
4.537	-0.036576	-0.036606
4.5371	-0.013413	-0.013443
4.5373	0.012497	0.012467
4.5374	0.038712	0.038682
4.5375	0.058701	0.058701
4.5376	0.04744	0.04744
4.5378	0.023026	0.023087
4.5379	-0.0073396	-0.0073396
4.538	-0.04094	-0.04094
4.5381	-0.050431	-0.050431
4.5382	-0.042557	-0.042557
4.5384	-0.021134	-0.021134
4.5385	0.01149	0.01149
4.5386	0.029679	0.029679
4.5388	0.030381	0.03035
4.5389	0.016861	0.016861
4.539	-0.010178	-0.010208
4.5391	-0.032975	-0.033036
4.5393	-0.043778	-0.043809
4.5394	-0.049729	-0.04976
4.5395	-0.045701	-0.045731
4.5396	-0.041032	-0.041062
4.5397	-0.040208	-0.040208
4.5399	-0.033982	-0.034012
4.54	-0.017014	-0.017014
4.5401	0.011551	0.011521
4.5403	0.045975	0.046006
4.5404	0.074693	0.074693
4.5405	0.077562	0.077562
4.5406	0.057267	0.057267
4.5408	0.019303	0.019333
4.5409	-0.031693	-0.031662
4.541	-0.066331	-0.066331
4.5411	-0.07393	-0.07393
4.5412	-0.056962	-0.056962
4.5414	-0.0072175	-0.007187
4.5415	0.041215	0.041215
4.5416	0.071031	0.071061
4.5418	0.08043	0.08043
4.5419	0.058701	0.058701
4.542	0.027787	0.027787
4.5421	0.010636	0.010636
4.5423	-0.0037995	-0.00383
4.5424	-0.0033417	-0.0033417
4.5425	-0.0045624	-0.0045624
4.5426	-0.018357	-0.018387
4.5427	-0.02797	-0.028031
4.5429	-0.035325	-0.035355
4.543	-0.030564	-0.030564
4.5431	-0.0030365	-0.003006
4.5433	0.021286	0.021317
4.5434	0.043137	0.043137
4.5435	0.048661	0.048661
4.5436	0.029953	0.029953
4.5437	0.01033	0.010361
4.5439	-0.014603	-0.014603
4.544	-0.031785	-0.031785
4.5441	-0.029618	-0.029648
4.5442	-0.026596	-0.026596
4.5444	-0.012345	-0.012345
4.5445	0.003769	0.003769
4.5446	0.0093233	0.0093233
4.5448	0.015	0.014969
4.5449	0.0077668	0.0077668
4.545	-0.011246	-0.011215
4.5451	-0.027695	-0.027695
4.5452	-0.049851	-0.049851
4.5454	-0.05565	-0.055589
4.5455	-0.042679	-0.042649
4.5456	-0.026444	-0.026474
4.5458	-0.0058137	-0.0057832
4.5459	-0.00068666	-0.00068666
4.546	-0.0070954	-0.0070649
4.5461	0.00080873	0.00080873
4.5463	0.0072786	0.0072786
4.5464	0.030198	0.030228
4.5465	0.05449	0.05452
4.5466	0.054948	0.054948
4.5467	0.043595	0.043595
4.5469	0.0086824	0.0087129
4.547	-0.037552	-0.037552
4.5471	-0.055772	-0.055741
4.5473	-0.057084	-0.057053
4.5474	-0.024826	-0.024826
4.5475	0.025315	0.025315
4.5476	0.056687	0.056687
4.5477	0.070054	0.070054
4.5479	0.059464	0.059464
4.548	0.02974	0.029801
4.5481	0.014755	0.014755
4.5482	0.0032807	0.0032807
4.5484	-0.00071717	-0.00074769
4.5485	0.0013275	0.0013275
4.5486	-0.011215	-0.011246
4.5488	-0.023972	-0.023941
4.5489	-0.031479	-0.031479
4.549	-0.03801	-0.03798
4.5491	-0.024765	-0.024765
4.5492	-0.0060273	-0.0059968
4.5494	0.015122	0.015122
4.5495	0.041428	0.041428
4.5496	0.049607	0.049607
4.5497	0.04567	0.045701
4.5499	0.028672	0.028672
4.55	-0.0069429	-0.0069429
4.5501	-0.035416	-0.035447
4.5503	-0.05272	-0.05272
4.5504	-0.051438	-0.051438
4.5505	-0.025895	-0.025925
4.5506	0.00022889	0.00022889
4.5507	0.015152	0.015152
4.5509	0.016434	0.016434
4.551	-0.0024872	-0.0024567
4.5511	-0.02153	-0.021561
4.5512	-0.032853	-0.032853
4.5514	-0.031052	-0.031052
4.5515	-0.018967	-0.018967
4.5516	-0.0091402	-0.0091096
4.5518	-0.011826	-0.011856
4.5519	-0.023117	-0.023148
4.552	-0.039811	-0.039841
4.5521	-0.034501	-0.034501
4.5522	-0.010849	-0.01091
4.5524	0.028611	0.028611
4.5525	0.069688	0.069688
4.5526	0.082109	0.082109
4.5527	0.068376	0.068406
4.5529	0.031174	0.031174
4.553	-0.023606	-0.023636
4.5531	-0.058579	-0.058579
4.5533	-0.070329	-0.070329
4.5534	-0.052293	-0.052293
4.5535	-0.0040131	-0.0040131
4.5536	0.04097	0.04097
4.5538	0.072099	0.072099
4.5539	0.078202	0.078172
4.554	0.054917	0.054917
4.5541	0.028397	0.028367
4.5542	0.0066072	0.0066072
4.5544	-0.0067292	-0.0066682
4.5545	-0.0057527	-0.0057832
4.5546	-0.0098116	-0.0098116
4.5548	-0.020645	-0.020645
4.5549	-0.032914	-0.032914
4.555	-0.047684	-0.047654
4.5551	-0.044419	-0.044419
4.5553	-0.020615	-0.020615
4.5554	0.01207	0.01207
4.5555	0.048753	0.048753
4.5556	0.066728	0.066728
4.5557	0.05803	0.05803
4.5559	0.03035	0.030381
4.556	-0.011704	-0.011734
4.5561	-0.042985	-0.043015
4.5563	-0.053452	-0.053422
4.5564	-0.044694	-0.044724
4.5565	-0.018906	-0.018875
4.5566	0.0026093	0.0026093
4.5568	0.0099947	0.0099641
4.5569	0.0077668	0.0077668
4.557	-0.0062409	-0.0062409
4.5571	-0.014878	-0.014878
4.5572	-0.015763	-0.015763
4.5574	-0.01561	-0.01561
4.5575	-0.010971	-0.010971
4.5576	-0.01207	-0.012039
4.5578	-0.021408	-0.021378
4.5579	-0.028855	-0.028855
4.558	-0.038499	-0.038499
4.5581	-0.033066	-0.033036
4.5583	-0.011337	-0.011337
4.5584	0.013779	0.013748
4.5585	0.046921	0.046891
4.5586	0.065202	0.065202
4.5587	0.063035	0.063035
4.5589	0.04979	0.04976
4.559	0.013718	0.013687
4.5591	-0.02388	-0.02388
4.5593	-0.04445	-0.04445
4.5594	-0.05275	-0.05272
4.5595	-0.027176	-0.027207
4.5596	0.012222	0.012222
4.5597	0.042496	0.042496
4.5599	0.060533	0.060533
4.56	0.053758	0.053758
4.5601	0.030198	0.030198
4.5602	0.014206	0.014176
4.5604	-0.0010224	-0.0010224
4.5605	-0.0041962	-0.0042573
4.5606	-0.0042878	-0.0042878
4.5608	-0.013046	-0.013046
4.5609	-0.022538	-0.022568
4.561	-0.033585	-0.033524
4.5611	-0.040513	-0.040482
4.5612	-0.029007	-0.029038
4.5614	-0.010971	-0.011002
4.5615	0.01561	0.01561
4.5616	0.040055	0.040055
4.5618	0.04567	0.04567
4.5619	0.040421	0.040421
4.562	0.021439	0.021408
4.5621	-0.0043793	-0.0043793
4.5623	-0.021622	-0.021622
4.5624	-0.035233	-0.035233
4.5625	-0.037888	-0.037888
4.5626	-0.030137	-0.030167
4.5627	-0.023636	-0.023667
4.5629	-0.011276	-0.011246
4.563	-0.00038148	-0.00041199
4.5631	0.0035248	0.0035248
4.5633	0.0058137	0.0057832
4.5634	-0.00083925	-0.00083925
4.5635	-0.0088045	-0.0088045
4.5636	-0.011887	-0.011887
4.5637	-0.017502	-0.017472
4.5639	-0.020645	-0.020645
4.564	-0.024857	-0.024826
4.5641	-0.033433	-0.033433
4.5642	-0.028275	-0.028275
4.5644	-0.01622	-0.01622
4.5645	0.0091096	0.0090791
4.5646	0.042313	0.042313
4.5648	0.063188	0.063188
4.5649	0.071611	0.071611
4.565	0.058701	0.058701
4.5651	0.019364	0.019364
4.5652	-0.017258	-0.017227
4.5654	-0.048753	-0.048722
4.5655	-0.055558	-0.055528
4.5656	-0.030472	-0.030442
4.5657	0.0034333	0.0034028
4.5659	0.038041	0.038041
4.566	0.058518	0.058518
4.5661	0.05095	0.05098
4.5663	0.03682	0.03682
4.5664	0.016464	0.016495
4.5665	0.0010529	0.0010224
4.5666	-0.0020294	-0.0019989
4.5667	-0.0080415	-0.008011
4.5669	-0.014603	-0.014572
4.567	-0.022782	-0.022782
4.5671	-0.036393	-0.036393
4.5672	-0.038041	-0.038041
4.5674	-0.028855	-0.028855
4.5675	-0.011978	-0.012009
4.5676	0.016892	0.016861
4.5678	0.038499	0.038499
4.5679	0.047593	0.047593
4.568	0.044572	0.044541
4.5681	0.021256	0.021256
4.5682	-0.006302	-0.006302
4.5684	-0.028092	-0.028122
4.5685	-0.043534	-0.043534
4.5686	-0.03975	-0.03975
4.5687	-0.027878	-0.027878
4.5689	-0.015061	-0.015061
4.569	0.0012055	0.0011749
4.5691	0.0064546	0.0064546
4.5693	0.005417	0.0053864
4.5694	0.0037079	0.0037385
4.5695	-0.0057832	-0.0057527
4.5696	-0.0090486	-0.0090791
4.5698	-0.009659	-0.009659
4.5699	-0.015122	-0.015122
4.57	-0.017075	-0.017075
4.5701	-0.026169	-0.026169
4.5702	-0.039597	-0.039597
4.5704	-0.038285	-0.038285
4.5705	-0.027726	-0.027726
4.5706	-0.0012665	-0.0012665
4.5708	0.039384	0.039384
4.5709	0.066728	0.066728
4.571	0.07985	0.07985
4.5711	0.069871	0.069871
4.5713	0.029282	0.029282
4.5714	-0.012161	-0.012131
4.5715	-0.046738	-0.046769
4.5716	-0.060014	-0.060014
4.5717	-0.037461	-0.03743
4.5719	-0.0052644	-0.0052338
4.572	0.026902	0.026932
4.5721	0.047135	0.047105
4.5723	0.042405	0.042405
4.5724	0.033005	0.032975
4.5725	0.02211	0.02208
4.5726	0.012284	0.012314
4.5728	0.013291	0.013321
4.5729	0.0069123	0.0069429
4.573	-0.0052644	-0.0052644
4.5731	-0.019181	-0.019181
4.5732	-0.040085	-0.040055
4.5734	-0.048051	-0.048051
4.5735	-0.040604	-0.040604
4.5736	-0.024613	-0.024582
4.5738	0.006363	0.006363
4.5739	0.033707	0.033707
4.574	0.045914	0.045914
4.5741	0.049912	0.049912
4.5743	0.032547	0.032547
4.5744	0.0092622	0.0092622
4.5745	-0.010727	-0.010727
4.5746	-0.030747	-0.030747
4.5747	-0.035691	-0.035691
4.5749	-0.032578	-0.032578
4.575	-0.027787	-0.027817
4.5751	-0.012985	-0.012985
4.5753	-0.0059968	-0.0059968
4.5754	7.6295e-05	4.5777e-05
4.5755	0.0067597	0.0066987
4.5756	0.0034333	0.0034028
4.5757	0.0034333	0.0034333
4.5759	0.0014496	0.0014801
4.576	-0.0089265	-0.0089265
4.5761	-0.014725	-0.014755
4.5762	-0.028275	-0.028336
4.5764	-0.043595	-0.043626
4.5765	-0.043107	-0.043076
4.5766	-0.034928	-0.034897
4.5768	-0.0092622	-0.0092622
4.5769	0.029557	0.029587
4.577	0.057481	0.05745
4.5771	0.075608	0.075639
4.5772	0.070817	0.070848
4.5774	0.037949	0.037919
4.5775	0.001236	0.0012665
4.5776	-0.033371	-0.033402
4.5778	-0.050156	-0.050156
4.5779	-0.038315	-0.038285
4.578	-0.015702	-0.015702
4.5781	0.01207	0.01207
4.5782	0.033158	0.033188
4.5784	0.036637	0.036637
4.5785	0.033524	0.033524
4.5786	0.026963	0.026963
4.5787	0.019944	0.019944
4.5789	0.018814	0.018814
4.579	0.012741	0.012772
4.5791	0.0016632	0.0016632
4.5793	-0.014389	-0.014359
4.5794	-0.035264	-0.035264
4.5795	-0.046769	-0.046769
4.5796	-0.044846	-0.044816
4.5797	-0.030014	-0.030014
4.5799	-0.0015717	-0.0016022
4.58	0.023667	0.023667
4.5801	0.039719	0.039719
4.5802	0.044144	0.044144
4.5804	0.034348	0.034348
4.5805	0.019242	0.019272
4.5806	0.0025788	0.0025788
4.5808	-0.015305	-0.015305
4.5809	-0.026932	-0.026902
4.581	-0.032242	-0.032273
4.5811	-0.031144	-0.031144
4.5812	-0.022751	-0.022721
4.5814	-0.013504	-0.013504
4.5815	-0.004654	-0.004654
4.5816	0.0018769	0.0018769
4.5817	0.0027008	0.0027008
4.5819	0.0023041	0.0023346
4.582	0.00028992	0.00032044
4.5821	-0.0038911	-0.0038605
4.5823	-0.0084993	-0.0084993
4.5824	-0.019272	-0.019272
4.5825	-0.032639	-0.032639
4.5826	-0.043534	-0.043534
4.5827	-0.043809	-0.043809
4.5829	-0.027176	-0.027176
4.583	0.0039521	0.0039521
4.5831	0.040085	0.040085
4.5832	0.0645	0.0645
4.5834	0.067643	0.067643
4.5835	0.048692	0.048692
4.5836	0.013321	0.013321
4.5838	-0.018235	-0.018265
4.5839	-0.03386	-0.033829
4.584	-0.030259	-0.030228
4.5841	-0.0090486	-0.0090486
4.5842	0.01265	0.012619
4.5844	0.025284	0.025284
4.5845	0.027237	0.027237
4.5846	0.019211	0.019211
4.5847	0.011887	0.011856
4.5849	0.010849	0.010849
4.585	0.011612	0.011612
4.5851	0.014054	0.014084
4.5853	0.0093233	0.0093233
4.5854	-0.0035859	-0.0035554
4.5855	-0.01677	-0.01677
4.5856	-0.027604	-0.027604
4.5858	-0.029465	-0.029496
4.5859	-0.01912	-0.01915
4.586	-0.0056001	-0.0056306
4.5861	0.011154	0.011154
4.5862	0.024613	0.024643
4.5864	0.029374	0.029343
4.5865	0.028397	0.028397
4.5866	0.019547	0.019547
4.5868	0.0052949	0.0052949
4.5869	-0.0066987	-0.0066682
4.587	-0.016159	-0.016159
4.5871	-0.019547	-0.019547
4.5873	-0.01735	-0.017319
4.5874	-0.01384	-0.01384
4.5875	-0.010239	-0.010239
4.5876	-0.008011	-0.008011
4.5877	-0.0088655	-0.008896
4.5879	-0.0095674	-0.0096284
4.588	-0.008835	-0.0088045
4.5881	-0.0060883	-0.0060883
4.5883	-0.0018463	-0.0018158
4.5884	-0.0024567	-0.0024262
4.5885	-0.0092927	-0.0093233
4.5886	-0.021836	-0.021836
4.5888	-0.036271	-0.036271
4.5889	-0.040696	-0.040696
4.589	-0.030564	-0.030594
4.5891	-0.009781	-0.009781
4.5892	0.018448	0.018418
4.5894	0.039567	0.039536
4.5895	0.04741	0.04741
4.5896	0.043687	0.043656
4.5898	0.026627	0.026627
4.5899	0.0067903	0.0067597
4.59	-0.007187	-0.0072175
4.5901	-0.01445	-0.01445
4.5902	-0.010605	-0.010605
4.5904	-0.00099184	-0.00099184
4.5905	0.0059968	0.0060273
4.5906	0.010361	0.010391
4.5907	0.0085908	0.0085298
4.5909	0.0052949	0.0053559
4.591	0.0063935	0.0063935
4.5911	0.0098421	0.0098421
4.5913	0.01503	0.015
4.5914	0.016953	0.016953
4.5915	0.010941	0.010941
4.5916	0.00056458	0.0005951
4.5917	-0.012406	-0.012406
4.5919	-0.021164	-0.021195
4.592	-0.020951	-0.020981
4.5921	-0.014298	-0.014298
4.5922	-0.0019684	-0.0019989
4.5924	0.011215	0.011185
4.5925	0.019394	0.019425
4.5926	0.023484	0.023514
4.5928	0.021653	0.021622
4.5929	0.014908	0.014908
4.593	0.0076448	0.0076753
4.5931	-0.00056458	-0.00056458
4.5932	-0.0075532	-0.0075227
4.5934	-0.012039	-0.012009
4.5935	-0.016587	-0.016617
4.5936	-0.020615	-0.020615
4.5938	-0.023056	-0.023087
4.5939	-0.022599	-0.022568
4.594	-0.017868	-0.017899
4.5941	-0.010391	-0.010391
4.5942	-0.0024262	-0.0023957
4.5944	0.0036774	0.0036469
4.5945	0.0036469	0.0036164
4.5946	-0.0028229	-0.0028229
4.5947	-0.015427	-0.015427
4.5949	-0.030106	-0.030076
4.595	-0.036759	-0.036759
4.5951	-0.031998	-0.031968
4.5953	-0.015061	-0.015091
4.5954	0.010788	0.010788
4.5955	0.032883	0.032883
4.5956	0.04509	0.04509
4.5957	0.045274	0.045243
4.5959	0.031083	0.031083
4.596	0.012161	0.012161
4.5961	-0.0034333	-0.0034333
4.5962	-0.012558	-0.012558
4.5964	-0.010452	-0.010452
4.5965	-0.0022431	-0.0022126
4.5966	0.0043183	0.0043183
4.5968	0.0087739	0.0087739
4.5969	0.0078889	0.0078889
4.597	0.0054475	0.005417
4.5971	0.0062715	0.006302
4.5972	0.0091096	0.0091402
4.5974	0.014115	0.014115
4.5975	0.016373	0.016342
4.5976	0.01268	0.012711
4.5977	0.0050507	0.0050202
4.5979	-0.0053864	-0.005417
4.598	-0.014603	-0.014633
4.5981	-0.017929	-0.017929
4.5983	-0.01622	-0.01622
4.5984	-0.0089876	-0.008957
4.5985	0.0019684	0.0019684
4.5986	0.011582	0.011551
4.5987	0.017472	0.017472
4.5989	0.01912	0.01912
4.599	0.01445	0.014481
4.5991	0.0073091	0.0073091
4.5992	0.00090028	0.0009308
4.5994	-0.0055085	-0.0055085
4.5995	-0.0095979	-0.0095979
4.5996	-0.012833	-0.012863
4.5998	-0.016068	-0.016098
4.5999	-0.018662	-0.018692
4.6	-0.020066	-0.020035
4.6001	-0.018814	-0.018845
4.6003	-0.014908	-0.014939
4.6004	-0.0088655	-0.0088655
4.6005	-0.0026093	-0.0026398
4.6006	-0.0005951	-0.0005951
4.6007	-0.00383	-0.0037995
4.6009	-0.012589	-0.012589
4.601	-0.022721	-0.02269
4.6011	-0.027329	-0.027329
4.6013	-0.022843	-0.022843
4.6014	-0.0099031	-0.0099336
4.6015	0.0086824	0.0086824
4.6016	0.025834	0.025834
4.6018	0.035477	0.035477
4.6019	0.036545	0.036515
4.602	0.02681	0.02681
4.6021	0.012284	0.012253
4.6022	-7.6295e-05	-0.00010681
4.6024	-0.0073396	-0.0073396
4.6025	-0.0048371	-0.0048676
4.6026	0.0035859	0.0035859
4.6028	0.010361	0.010361
4.6029	0.013565	0.013565
4.603	0.0097505	0.00972
4.6031	0.0030671	0.0030976
4.6033	-0.00096132	-0.00099184
4.6034	-0.0012665	-0.001236
4.6035	0.002945	0.0029145
4.6036	0.008011	0.008011
4.6037	0.0099641	0.0099641
4.6039	0.0075227	0.0075227
4.604	0.00022889	0.00019837
4.6041	-0.0080415	-0.008072
4.6043	-0.012589	-0.012528
4.6044	-0.012985	-0.012985
4.6045	-0.0072175	-0.007187
4.6046	0.0011444	0.0011444
4.6048	0.007126	0.007126
4.6049	0.011093	0.011063
4.605	0.010971	0.010971
4.6051	0.0074311	0.0074006
4.6052	0.0051118	0.0051118
4.6054	0.0019379	0.0019379
4.6055	-0.00044251	-0.00044251
4.6056	-0.00206	-0.00206
4.6058	-0.0065461	-0.0065461
4.6059	-0.010849	-0.01088
4.606	-0.015457	-0.015427
4.6061	-0.018936	-0.018997
4.6062	-0.01796	-0.01796
4.6064	-0.015518	-0.015518
4.6065	-0.010971	-0.010971
4.6066	-0.004593	-0.004654
4.6067	-0.0020905	-0.002121
4.6069	-0.0022126	-0.0022126
4.607	-0.0067903	-0.0067903
4.6071	-0.015122	-0.015122
4.6073	-0.019638	-0.019608
4.6074	-0.018418	-0.018448
4.6075	-0.010819	-0.010819
4.6076	0.0032807	0.0032502
4.6077	0.016709	0.016709
4.6079	0.025254	0.025284
4.608	0.028	0.028
4.6081	0.022629	0.022629
4.6083	0.014603	0.014603
4.6084	0.0075532	0.0075227
4.6085	0.0044099	0.0044404
4.6086	0.0069734	0.0069734
4.6088	0.011429	0.01146
4.6089	0.012985	0.013016
4.609	0.010697	0.010697
4.6091	0.0031586	0.0031586
4.6092	-0.0041047	-0.0041047
4.6094	-0.0077668	-0.0077668
4.6095	-0.006302	-0.006302
4.6096	-0.00071717	-0.00071717
4.6098	0.005478	0.005478
4.6099	0.008072	0.0080415
4.61	0.0073396	0.0073701
4.6101	0.0028534	0.0028534
4.6102	-0.002182	-0.0021515
4.6104	-0.0059052	-0.0059052
4.6105	-0.0073396	-0.0073396
4.6106	-0.0061189	-0.0061189
4.6107	-0.0031281	-0.0030976
4.6109	0.00038148	0.00038148
4.611	0.0041657	0.0041657
4.6111	0.006363	0.0063935
4.6113	0.0068818	0.0068513
4.6114	0.0056611	0.0056611
4.6115	0.0031281	0.0031586
4.6116	0.00068666	0.00071717
4.6117	-0.0019989	-0.0019989
4.6119	-0.005539	-0.0055695
4.612	-0.0092012	-0.0092012
4.6121	-0.013596	-0.013565
4.6122	-0.017197	-0.017197
4.6124	-0.018173	-0.018143
4.6125	-0.016831	-0.016861
4.6126	-0.012741	-0.012741
4.6128	-0.0073396	-0.0073396
4.6129	-0.0033722	-0.0033112
4.613	-0.0023651	-0.0023651
4.6131	-0.0053559	-0.0053559
4.6132	-0.011368	-0.011368
4.6134	-0.0168	-0.0168
4.6135	-0.019089	-0.019059
4.6136	-0.015732	-0.015671
4.6137	-0.0073701	-0.0073701
4.6139	0.0038911	0.0038605
4.614	0.014359	0.014359
4.6141	0.020066	0.020096
4.6143	0.021012	0.021042
4.6144	0.018601	0.01857
4.6145	0.015213	0.015213
4.6146	0.01442	0.01445
4.6147	0.016434	0.016464
4.6149	0.018906	0.018906
4.615	0.020279	0.020279
4.6151	0.016678	0.016709
4.6152	0.0088655	0.008896
4.6154	-0.00044251	-0.00047303
4.6155	-0.0080415	-0.0080415
4.6156	-0.010513	-0.010513
4.6158	-0.008072	-0.008072
4.6159	-0.0027008	-0.0027314
4.616	0.0030976	0.0030976
4.6161	0.0061189	0.0060883
4.6163	0.0059358	0.0059358
4.6164	0.0036774	0.0036774
4.6165	-0.00016785	-0.00013733
4.6166	-0.0027314	-0.0027314
4.6167	-0.0029755	-0.0029755
4.6169	-0.0016327	-0.0016022
4.617	0.0015106	0.0015106
4.6171	0.004654	0.004654
4.6173	0.0061799	0.0061799
4.6174	0.0070649	0.0070344
4.6175	0.0051728	0.0052033
4.6176	0.0023651	0.0023957
4.6178	-0.00047303	-0.00050355
4.6179	-0.0037079	-0.0037079
4.618	-0.0064546	-0.0065156
4.6181	-0.0095369	-0.0095674
4.6182	-0.013016	-0.013016
4.6184	-0.014969	-0.014969
4.6185	-0.015183	-0.015213
4.6186	-0.013046	-0.013046
4.6188	-0.0092317	-0.0092012
4.6189	-0.0053254	-0.0053254
4.619	-0.0024567	-0.0024872
4.6191	-0.0024262	-0.0024262
4.6193	-0.0052033	-0.0052033
4.6194	-0.010147	-0.010147
4.6195	-0.015763	-0.015763
4.6196	-0.018723	-0.018692
4.6197	-0.01799	-0.01799
4.6199	-0.014023	-0.014023
4.62	-0.0069429	-0.0069734
4.6201	-0.00016785	-0.00013733
4.6203	0.005478	0.005478
4.6204	0.0098421	0.0098726
4.6205	0.012406	0.012406
4.6206	0.014786	0.014786
4.6208	0.017502	0.017502
4.6209	0.020615	0.020615
4.621	0.023392	0.023362
4.6211	0.02385	0.02385
4.6212	0.021134	0.021134
4.6214	0.014511	0.014542
4.6215	0.0054475	0.0054475
4.6216	-0.0026093	-0.0026093
4.6218	-0.0083467	-0.0083467
4.6219	-0.0092012	-0.0092012
4.622	-0.005417	-0.0054475
4.6221	-0.00032044	-0.00032044
4.6222	0.0043183	0.0043488
4.6224	0.0056001	0.0056306
4.6225	0.0027314	0.0027619
4.6226	-0.00047303	-0.00050355
4.6227	-0.0034638	-0.0034943
4.6229	-0.0041962	-0.0042267
4.623	-0.0023957	-0.0023651
4.6231	-1.5259e-05	-4.5777e-05
4.6233	0.0023346	0.0023346
4.6234	0.0047456	0.0047456
4.6235	0.0060578	0.0060578
4.6236	0.0073396	0.0073396
4.6237	0.0070649	0.0070649
4.6239	0.0054475	0.0054475
4.624	0.0023346	0.0023346
4.6241	-0.002121	-0.002121
4.6243	-0.0068208	-0.0068513
4.6244	-0.010819	-0.010849
4.6245	-0.013901	-0.013901
4.6246	-0.014023	-0.014023
4.6248	-0.012314	-0.012314
4.6249	-0.0087739	-0.0087434
4.625	-0.004715	-0.004715
4.6251	-0.0024567	-0.0024567
4.6252	-0.0016632	-0.0016632
4.6254	-0.0030365	-0.0030671
4.6255	-0.0063325	-0.0063325
4.6256	-0.0098726	-0.0098726
4.6258	-0.013321	-0.013291
4.6259	-0.015427	-0.015427
4.626	-0.014725	-0.014725
4.6261	-0.012741	-0.012741
4.6262	-0.0088045	-0.0087739
4.6264	-0.0042267	-0.0042267
4.6265	0.00013733	0.00013733
4.6266	0.0056916	0.0056611
4.6267	0.010636	0.010666
4.6269	0.015457	0.015457
4.627	0.020096	0.020096
4.6271	0.021927	0.021897
4.6273	0.021469	0.0215
4.6274	0.018753	0.018753
4.6275	0.013382	0.013382
4.6276	0.0081025	0.0081025
4.6277	0.0033417	0.0033417
4.6279	4.5777e-05	4.5777e-05
4.628	-0.00016785	-0.00016785
4.6281	0.0010834	0.0010529
4.6282	0.002884	0.002884
4.6284	0.0048676	0.0048981
4.6285	0.0042267	0.0042878
4.6286	0.0025177	0.0024872
4.6288	-4.5777e-05	-1.5259e-05
4.6289	-0.0036469	-0.0036164
4.629	-0.0052949	-0.0053254
4.6291	-0.006302	-0.0062715
4.6292	-0.0059968	-0.0060273
4.6294	-0.0024872	-0.0025177
4.6295	0.0013886	0.0013581
4.6296	0.0058442	0.0058442
4.6297	0.0095674	0.0095369
4.6299	0.008896	0.0089265
4.63	0.0065461	0.0065461
4.6301	0.0021515	0.002182
4.6303	-0.0034333	-0.0034638
4.6304	-0.0067597	-0.0067903
4.6305	-0.0095064	-0.0095064
4.6306	-0.011093	-0.011093
4.6307	-0.010025	-0.010056
4.6309	-0.0089265	-0.0089265
4.631	-0.0067292	-0.0067292
4.6311	-0.0043488	-0.0043488
4.6312	-0.0038911	-0.0039216
4.6314	-0.0032807	-0.0032807
4.6315	-0.0034638	-0.0034333
4.6316	-0.0048981	-0.0048676
4.6318	-0.0059052	-0.0058747
4.6319	-0.0079194	-0.0079194
4.632	-0.010056	-0.010056
4.6321	-0.011368	-0.011398
4.6323	-0.012528	-0.012558
4.6324	-0.011826	-0.011826
4.6325	-0.00972	-0.0097505
4.6326	-0.0064546	-0.0064546
4.6327	-0.0019989	-0.0019684
4.6329	0.0021515	0.0021515
4.633	0.0059968	0.0059663
4.6331	0.0094453	0.0094453
4.6333	0.011612	0.011643
4.6334	0.013352	0.013352
4.6335	0.014694	0.014694
4.6336	0.014908	0.014878
4.6338	0.014115	0.014145
4.6339	0.011826	0.011826
4.634	0.0085603	0.0085603
4.6341	0.0055695	0.005539
4.6342	0.0039521	0.0039521
4.6344	0.0042573	0.0042573
4.6345	0.005478	0.005478
4.6346	0.0065156	0.0064851
4.6348	0.006424	0.006424
4.6349	0.0043183	0.0043183
4.635	0.00077821	0.00077821
4.6351	-0.0031281	-0.0030976
4.6353	-0.0068208	-0.0068208
4.6354	-0.0079194	-0.0078889
4.6355	-0.0058442	-0.0058442
4.6356	-0.0024872	-0.0025177
4.6357	0.0016022	0.0016022
4.6359	0.0044099	0.0044404
4.636	0.0046845	0.004715
4.6361	0.0040436	0.0040436
4.6363	0.0022736	0.0022431
4.6364	-0.00050355	-0.00047303
4.6365	-0.0026703	-0.0026703
4.6366	-0.0043488	-0.0043488
4.6368	-0.0053864	-0.005417
4.6369	-0.0048066	-0.0048066
4.637	-0.00383	-0.0037995
4.6371	-0.0029145	-0.0029145
4.6372	-0.0022126	-0.0022126
4.6374	-0.002182	-0.002182
4.6375	-0.0018158	-0.0017853
4.6376	-0.0011139	-0.0011139
4.6378	-0.00071717	-0.00071717
4.6379	-0.00086976	-0.00086976
4.638	-0.0024872	-0.0024567
4.6381	-0.0051118	-0.0051118
4.6382	-0.0082246	-0.0082246
4.6384	-0.01091	-0.01091
4.6385	-0.012222	-0.012222
4.6386	-0.011551	-0.011551
4.6387	-0.0094453	-0.0094453
4.6389	-0.0062409	-0.0062104
4.639	-0.0026703	-0.0026703
4.6391	0.00047303	0.00044251
4.6393	0.0029755	0.0029755
4.6394	0.0051423	0.0051728
4.6395	0.0067597	0.0067597
4.6396	0.0077363	0.0077363
4.6397	0.0084993	0.0085298
4.6399	0.0083772	0.0083467
4.64	0.0071565	0.0071565
4.6401	0.005417	0.0054475
4.6403	0.00383	0.0037995
4.6404	0.0035554	0.0035248
4.6405	0.0050202	0.0049897
4.6406	0.0072175	0.0072175
4.6407	0.0091096	0.0091096
4.6409	0.0091402	0.0091402
4.641	0.0067903	0.0067597
4.6411	0.0025177	0.0025177
4.6412	-0.0019684	-0.0019684
4.6414	-0.0056001	-0.0056001
4.6415	-0.0068818	-0.0068818
4.6416	-0.0060883	-0.0060883
4.6418	-0.0034943	-0.0034943
4.6419	-0.00044251	-0.00044251
4.642	0.0017548	0.0017548
4.6421	0.0020905	0.002121
4.6422	0.0011749	0.0011749
4.6424	-0.0005951	-0.00062562
4.6425	-0.0022431	-0.0022431
4.6426	-0.0031891	-0.0031891
4.6427	-0.0034638	-0.0034638
4.6429	-0.0033722	-0.0034028
4.643	-0.0030976	-0.0030976
4.6431	-0.0027008	-0.0027008
4.6433	-0.0019379	-0.0019074
4.6434	-0.00077821	-0.00077821
4.6435	0.0002594	0.0002594
4.6436	0.0010224	0.0010224
4.6437	0.0011749	0.0011444
4.6439	0.00086976	0.00086976
4.644	0.00056458	0.00056458
4.6441	-0.00013733	-0.00013733
4.6442	-0.0012665	-0.0012665
4.6444	-0.0027008	-0.0026703
4.6445	-0.0047761	-0.0047761
4.6446	-0.0059663	-0.0059968
4.6448	-0.0058442	-0.0058747
4.6449	-0.004654	-0.0046235
4.645	-0.0028534	-0.0028229
4.6451	-0.001236	-0.001236
4.6452	-0.00022889	-0.00019837
4.6454	0.0009308	0.0009308
4.6455	0.0022126	0.0022126
4.6456	0.00383	0.0038605
4.6457	0.0055085	0.005478
4.6459	0.006302	0.0063325
4.646	0.0059663	0.0059663
4.6461	0.0044404	0.0044099
4.6463	0.0023346	0.0023346
4.6464	0.00083925	0.00083925
4.6465	0.0012055	0.0012665
4.6466	0.0032197	0.0031891
4.6467	0.0059663	0.0059968
4.6469	0.0076448	0.0076448
4.647	0.0073396	0.0073396
4.6471	0.0051423	0.0051423
4.6472	0.0018769	0.0018769
4.6474	-0.0013581	-0.0013581
4.6475	-0.003769	-0.003769
4.6476	-0.0049897	-0.0049897
4.6478	-0.0047761	-0.0047456
4.6479	-0.00383	-0.00383
4.648	-0.0027314	-0.0027008
4.6481	-0.0013275	-0.0013275
4.6483	-0.00080873	-0.00083925
4.6484	-0.00080873	-0.00080873
4.6485	-0.00099184	-0.00096132
4.6486	-0.0016022	-0.0016022
4.6487	-0.0022431	-0.0022431
4.6489	-0.002121	-0.0021515
4.649	-0.0026093	-0.0025788
4.6491	-0.0025483	-0.0025483
4.6493	-0.0023346	-0.0023346
4.6494	-0.0026398	-0.0026703
4.6495	-0.0024872	-0.0024872
4.6496	-0.0022431	-0.0022126
4.6498	-0.0022736	-0.0022736
4.6499	-0.0017243	-0.0017548
4.65	-0.0012665	-0.0012665
4.6501	-0.00071717	-0.00068666
4.6502	-1.5259e-05	-1.5259e-05
4.6504	-0.00041199	-0.00041199
4.6505	-0.0011139	-0.0011139
4.6506	-0.0018463	-0.0018463
4.6508	-0.002121	-0.002121
4.6509	-0.0013886	-0.0013886
4.651	-0.00016785	-0.00016785
4.6511	0.00080873	0.00077821
4.6513	0.0016938	0.0016632
4.6514	0.002121	0.0020905
4.6515	0.0025483	0.0025483
4.6516	0.0034943	0.0034943
4.6517	0.0046235	0.004593
4.6519	0.0053559	0.0053864
4.652	0.005417	0.005417
4.6521	0.0044099	0.0044404
4.6523	0.0024872	0.0024872
4.6524	0.00077821	0.00077821
4.6525	-0.00019837	-0.00019837
4.6526	0.00053407	0.00053407
4.6527	0.0027008	0.0026703
4.6529	0.0052338	0.0052338
4.653	0.0072175	0.0072175
4.6531	0.0073396	0.0073701
4.6532	0.0052949	0.0052949
4.6534	0.00206	0.0020905
4.6535	-0.0016632	-0.0016632
4.6536	-0.0044709	-0.0044709
4.6538	-0.0059968	-0.0059663
4.6539	-0.0064546	-0.006424
4.654	-0.0058747	-0.0058747
4.6541	-0.0051118	-0.0051118
4.6542	-0.0041047	-0.0040742
4.6544	-0.0027924	-0.0027619
4.6545	-0.0016938	-0.0016938
4.6546	-0.00065614	-0.00065614
4.6547	1.5259e-05	1.5259e-05
4.6549	-0.00019837	-0.00022889
4.655	-0.00050355	-0.00050355
4.6551	-0.0011749	-0.0011749
4.6553	-0.00206	-0.00206
4.6554	-0.0023957	-0.0023651
4.6555	-0.002945	-0.002945
4.6556	-0.0031281	-0.0030976
4.6557	-0.002182	-0.002182
4.6559	-0.0014496	-0.0014496
4.656	-0.00080873	-0.00080873
4.6561	-0.00038148	-0.00038148
4.6563	-0.0010224	-0.00099184
4.6564	-0.0014801	-0.0014496
4.6565	-0.00206	-0.00206
4.6566	-0.002121	-0.0020905
4.6567	-0.0013275	-0.0013581
4.6569	-0.00044251	-0.00044251
4.657	0.00065614	0.00068666
4.6571	0.0016327	0.0016327
4.6572	0.00206	0.0019989
4.6574	0.0023651	0.0023651
4.6575	0.0027924	0.0027619
4.6576	0.0030671	0.0030976
4.6578	0.0041047	0.0041352
4.6579	0.0046235	0.0046235
4.658	0.0047456	0.0047761
4.6581	0.0042878	0.0042267
4.6582	0.0027924	0.0027924
4.6584	0.0012055	0.0012055
4.6585	0.00019837	0.00019837
4.6586	7.6295e-05	7.6295e-05
4.6587	0.0014496	0.0014801
4.6589	0.0035859	0.0035554
4.659	0.0055695	0.0055085
4.6591	0.0067597	0.0067597
4.6593	0.0068513	0.0068513
4.6594	0.0055695	0.005539
4.6595	0.0031891	0.0031586
4.6596	0.00022889	0.0002594
4.6597	-0.00206	-0.00206
4.6599	-0.0041047	-0.0041047
4.66	-0.0048981	-0.0049287
4.6601	-0.0050202	-0.0050202
4.6602	-0.0052338	-0.0052033
4.6604	-0.0048371	-0.0048676
4.6605	-0.0045624	-0.004593
4.6606	-0.0040131	-0.0039826
4.6608	-0.0033417	-0.0033417
4.6609	-0.002884	-0.0028534
4.661	-0.0022126	-0.0022431
4.6611	-0.0015106	-0.0015106
4.6612	-0.001297	-0.0013275
4.6614	-0.0011444	-0.0011139
4.6615	-0.0012055	-0.0012055
4.6616	-0.0016632	-0.0016632
4.6617	-0.0014496	-0.0014496
4.6619	-0.0011444	-0.0011749
4.662	-0.001236	-0.001236
4.6621	-0.0015106	-0.0014801
4.6623	-0.0023651	-0.0023651
4.6624	-0.0024262	-0.0024567
4.6625	-0.0019379	-0.0019379
4.6626	-0.001297	-0.0013275
4.6628	-0.00038148	-0.00038148
4.6629	-1.5259e-05	-1.5259e-05
4.663	0.00019837	0.00013733
4.6631	0.00050355	0.00047303
4.6632	0.00065614	0.00065614
4.6634	0.00090028	0.00090028
4.6635	0.0016022	0.0016022
4.6636	0.0018158	0.0018463
4.6638	0.0023346	0.0023957
4.6639	0.0027924	0.0027924
4.664	0.0028229	0.0028534
4.6641	0.0030671	0.0030671
4.6643	0.0027314	0.0027008
4.6644	0.0018769	0.0018463
4.6645	0.00083925	0.00080873
4.6646	-0.00035096	-0.00032044
4.6647	-0.0010224	-0.0010529
4.6649	-0.0005951	-0.0005951
4.665	0.00083925	0.00080873
4.6651	0.002945	0.002945
4.6653	0.0051423	0.0051423
4.6654	0.0061494	0.0061799
4.6655	0.0061799	0.0062104
4.6656	0.0049592	0.0049592
4.6658	0.0029755	0.0029755
4.6659	0.00096132	0.00096132
4.666	-0.0010224	-0.00099184
4.6661	-0.0022126	-0.0022126
4.6662	-0.0033722	-0.0033722
4.6664	-0.0039826	-0.0039521
4.6665	-0.0038911	-0.0038911
4.6666	-0.0035859	-0.0035859
4.6668	-0.002884	-0.002884
4.6669	-0.0023041	-0.0023041
4.667	-0.0022126	-0.002182
4.6671	-0.00206	-0.00206
4.6673	-0.0016022	-0.0016327
4.6674	-0.0014801	-0.0015106
4.6675	-0.00090028	-0.00086976
4.6676	-0.0005951	-0.0005951
4.6677	-0.00065614	-0.00068666
4.6679	-0.00062562	-0.00062562
4.668	-0.00086976	-0.00090028
4.6681	-0.0010834	-0.0010834
4.6683	-0.00074769	-0.00074769
4.6684	-0.00047303	-0.00050355
4.6685	0.00010681	0.00010681
4.6686	0.00041199	0.00044251
4.6687	0.00022889	0.00022889
4.6689	-1.5259e-05	-1.5259e-05
4.669	-0.00056458	-0.00056458
4.6691	-0.00086976	-0.00086976
4.6692	-0.0005951	-0.0005951
4.6694	-0.00022889	-0.00022889
4.6695	0.00044251	0.00044251
4.6696	0.0012055	0.0011749
4.6698	0.001236	0.001236
4.6699	0.0016327	0.0016327
4.67	0.0020905	0.00206
4.6701	0.002182	0.002182
4.6702	0.0025177	0.0025483
4.6704	0.0024262	0.0024567
4.6705	0.001297	0.001297
4.6706	7.6295e-05	7.6295e-05
4.6708	-0.0015412	-0.0015717
4.6709	-0.0023651	-0.0023346
4.671	-0.0018769	-0.0019074
4.6711	-0.00065614	-0.00062562
4.6713	0.0012665	0.0012665
4.6714	0.0027924	0.0027924
4.6715	0.0037079	0.0037079
4.6716	0.0039826	0.0039521
4.6717	0.0032807	0.0032502
4.6719	0.0015717	0.0015717
4.672	0.00010681	0.00013733
4.6721	-0.0012055	-0.001236
4.6723	-0.0018158	-0.0018158
4.6724	-0.0020294	-0.00206
4.6725	-0.0020294	-0.00206
4.6726	-0.002121	-0.002121
4.6727	-0.0022736	-0.0022736
4.6729	-0.002121	-0.002121
4.673	-0.0016022	-0.0016022
4.6731	-0.0011139	-0.0010834
4.6732	-0.00028992	-0.0002594
4.6734	0.00019837	0.00019837
4.6735	0.00041199	0.00041199
4.6736	0.00028992	0.00028992
4.6738	-0.0002594	-0.00022889
4.6739	-0.00050355	-0.00050355
4.674	-0.0009308	-0.00090028
4.6741	-0.00077821	-0.00077821
4.6742	-0.00010681	-0.00010681
4.6744	0.00053407	0.00050355
4.6745	0.00096132	0.00099184
4.6746	0.0012055	0.001236
4.6747	0.00077821	0.00080873
4.6749	0.00038148	0.00035096
4.675	-0.00028992	-0.0002594
4.6751	-0.00090028	-0.00090028
4.6753	-0.0010529	-0.0010224
4.6754	-0.0010529	-0.0010529
4.6755	-0.00077821	-0.00077821
4.6756	-0.00053407	-0.00056458
4.6757	-0.00032044	-0.00032044
4.6759	1.5259e-05	1.5259e-05
4.676	0.0002594	0.0002594
4.6761	0.00053407	0.00053407
4.6762	0.0011139	0.0011444
4.6764	0.0015717	0.0015412
4.6765	0.0017243	0.0016938
4.6766	0.0013275	0.0013581
4.6768	0.00053407	0.00053407
4.6769	-0.00053407	-0.00056458
4.677	-0.0013886	-0.0013581
4.6771	-0.0016632	-0.0016632
4.6772	-0.00071717	-0.00068666
4.6774	0.00071717	0.00071717
4.6775	0.0021515	0.002182
4.6776	0.0031586	0.0031281
4.6777	0.0025483	0.0025788
4.6779	0.001236	0.001236
4.678	-0.00050355	-0.00050355
4.6781	-0.0019074	-0.0019074
4.6783	-0.00206	-0.00206
4.6784	-0.0017243	-0.0017243
4.6785	-0.0010529	-0.0010224
4.6786	-0.0005951	-0.0005951
4.6788	-0.00065614	-0.00062562
4.6789	-0.00096132	-0.0009308
4.679	-0.00080873	-0.00080873
4.6791	-0.00044251	-0.00044251
4.6792	0.00013733	0.00019837
4.6794	0.00071717	0.00074769
4.6795	0.0010224	0.0010224
4.6796	0.00096132	0.00096132
4.6798	0.00074769	0.00071717
4.6799	0.00022889	0.00019837
4.68	0.00010681	0.00010681
4.6801	0.0002594	0.00028992
4.6803	0.00056458	0.00056458
4.6804	0.0011444	0.0011444
4.6805	0.0014801	0.0014496
4.6806	0.0014496	0.0014801
4.6807	0.0011139	0.0011139
4.6809	0.00065614	0.00068666
4.681	0.00022889	0.00016785
4.6811	-4.5777e-05	-7.6295e-05
4.6813	-0.00013733	-0.00013733
4.6814	-0.00013733	-0.00013733
4.6815	7.6295e-05	7.6295e-05
4.6816	7.6295e-05	4.5777e-05
4.6818	-0.00013733	-0.00013733
4.6819	-0.00028992	-0.00032044
4.682	-0.00096132	-0.00099184
4.6821	-0.001236	-0.0012055
4.6822	-0.001236	-0.0012055
4.6824	-0.00080873	-0.00074769
4.6825	1.5259e-05	1.5259e-05
4.6826	0.00035096	0.00035096
4.6828	0.00041199	0.00038148
4.6829	-0.00035096	-0.00038148
4.683	-0.0009308	-0.0009308
4.6831	-0.001236	-0.0012665
4.6833	-0.00077821	-0.00074769
4.6834	0.00019837	0.00016785
4.6835	0.0014191	0.0013886
4.6836	0.0019989	0.0020294
4.6837	0.0018769	0.0019074
4.6839	0.001236	0.0012665
4.684	-1.5259e-05	-4.5777e-05
4.6841	-0.00096132	-0.0009308
4.6843	-0.0016938	-0.0016327
4.6844	-0.0016327	-0.0016022
4.6845	-0.0012055	-0.0012055
4.6846	-0.00080873	-0.00083925
4.6847	-0.00068666	-0.00071717
4.6849	-0.0005951	-0.0005951
4.685	-0.00071717	-0.00071717
4.6851	-0.00068666	-0.00068666
4.6852	-0.00035096	-0.00038148
4.6854	-0.00016785	-0.00019837
4.6855	0.00032044	0.00032044
4.6856	0.00044251	0.00044251
4.6858	0.0002594	0.00028992
4.6859	0.00053407	0.00053407
4.686	0.00053407	0.00056458
4.6861	0.00071717	0.00074769
4.6862	0.00056458	0.00053407
4.6864	0.00028992	0.00028992
4.6865	0.00016785	0.00013733
4.6866	-0.00019837	-0.00022889
4.6868	-0.00041199	-0.00041199
4.6869	-0.00032044	-0.00032044
4.687	-0.00022889	-0.0002594
4.6871	0.00016785	0.00013733
4.6873	0.00083925	0.00083925
4.6874	0.001297	0.0012665
4.6875	0.0017548	0.0017548
4.6876	0.0016938	0.0016938
4.6877	0.0013275	0.0013581
4.6879	0.0010224	0.0010224
4.688	0.00053407	0.00053407
4.6881	0.00032044	0.00035096
4.6883	-1.5259e-05	1.5259e-05
4.6884	-0.00032044	-0.00032044
4.6885	-0.0002594	-0.00028992
4.6886	-0.00035096	-0.00032044
4.6887	-0.00047303	-0.00047303
4.6889	-0.00065614	-0.00068666
4.689	-0.00086976	-0.00083925
4.6891	-0.00096132	-0.00096132
4.6892	-0.00071717	-0.00071717
4.6894	-0.00035096	-0.00038148
4.6895	0.00028992	0.00028992
4.6896	0.0009308	0.00090028
4.6898	0.0013886	0.0013581
4.6899	0.0015717	0.0015717
4.69	0.00096132	0.00096132
4.6901	0.00022889	0.00022889
4.6902	-0.00065614	-0.00065614
4.6904	-0.0013581	-0.0013581
4.6905	-0.0015106	-0.0015106
4.6906	-0.0011749	-0.0011749
4.6907	-0.00074769	-0.00074769
4.6909	-0.00016785	-0.00013733
4.691	0.00016785	0.00016785
4.6911	1.5259e-05	-1.5259e-05
4.6913	-0.0002594	-0.00028992
4.6914	-0.00074769	-0.00074769
4.6915	-0.00083925	-0.00086976
4.6916	-0.00077821	-0.00074769
4.6917	-0.00077821	-0.00080873
4.6919	-0.00041199	-0.00041199
4.692	4.5777e-05	1.5259e-05
4.6921	0.00013733	0.00016785
4.6922	0.00047303	0.00047303
4.6924	0.00041199	0.00038148
4.6925	0.00019837	0.00019837
4.6926	-0.00028992	-0.00028992
4.6928	-0.00071717	-0.00071717
4.6929	-0.0010834	-0.0010529
4.693	-0.0014191	-0.0014496
4.6931	-0.0013886	-0.0014191
4.6932	-0.0010224	-0.0010224
4.6934	-0.00038148	-0.00035096
4.6935	7.6295e-05	7.6295e-05
4.6936	0.00086976	0.00086976
4.6937	0.0011749	0.0011749
4.6939	0.0015412	0.0015412
4.694	0.0018463	0.0019074
4.6941	0.0019684	0.0019684
4.6943	0.0017548	0.0017548
4.6944	0.0012665	0.0012665
4.6945	0.0005951	0.00056458
4.6946	-0.00010681	-0.00010681
4.6948	-0.00047303	-0.00047303
4.6949	-0.00077821	-0.00077821
4.695	-0.00068666	-0.00065614
4.6951	-0.00038148	-0.00038148
4.6952	1.5259e-05	1.5259e-05
4.6954	0.00038148	0.00038148
4.6955	0.00086976	0.00083925
4.6956	0.0011749	0.0011444
4.6958	0.001236	0.0012665
4.6959	0.0010529	0.0010834
4.696	0.0005951	0.00062562
4.6961	1.5259e-05	4.5777e-05
4.6963	-0.00041199	-0.00044251
4.6964	-0.0011139	-0.0010834
4.6965	-0.001236	-0.0012665
4.6966	-0.0010224	-0.00099184
4.6967	-0.00053407	-0.00050355
4.6969	1.5259e-05	-1.5259e-05
4.697	0.00053407	0.00053407
4.6971	0.0005951	0.0005951
4.6973	0.00047303	0.00047303
4.6974	-4.5777e-05	-7.6295e-05
4.6975	-0.00074769	-0.00071717
4.6976	-0.0011444	-0.0011139
4.6978	-0.0018158	-0.0017853
4.6979	-0.0017243	-0.0017243
4.698	-0.0015412	-0.0015717
4.6981	-0.0010224	-0.0010529
4.6982	-0.0002594	-0.00022889
4.6984	0.00019837	0.00019837
4.6985	0.00028992	0.00028992
4.6986	0.00013733	0.00010681
4.6988	-0.00010681	-0.00013733
4.6989	-0.00050355	-0.00050355
4.699	-0.00068666	-0.00068666
4.6991	-0.00086976	-0.00086976
4.6993	-0.00074769	-0.00074769
4.6994	-0.00065614	-0.00068666
4.6995	-0.0005951	-0.00056458
4.6996	-0.00050355	-0.00053407
4.6997	-0.00028992	-0.00028992
4.6999	-0.00016785	-0.00016785
4.7	0.0002594	0.0002594
4.7001	0.00068666	0.00068666
4.7003	0.0010529	0.0010529
4.7004	0.001297	0.0013275
4.7005	0.0010529	0.0010529
4.7006	0.0009308	0.0009308
4.7007	0.00041199	0.00041199
4.7009	0.00016785	0.00013733
4.701	1.5259e-05	1.5259e-05
4.7011	4.5777e-05	1.5259e-05
4.7012	0.00022889	0.00019837
4.7014	0.0005951	0.0005951
4.7015	0.00090028	0.00090028
4.7016	0.001297	0.0013581
4.7018	0.0017853	0.0017548
4.7019	0.0019074	0.0019074
4.702	0.0018463	0.0018463
4.7021	0.0012055	0.0012055
4.7022	0.00047303	0.00047303
4.7024	-0.00032044	-0.00035096
4.7025	-0.00083925	-0.00090028
4.7026	-0.0010529	-0.0010529
4.7028	-0.00086976	-0.00086976
4.7029	-0.00035096	-0.00035096
4.703	0.00032044	0.00028992
4.7031	0.00074769	0.00074769
4.7033	0.00068666	0.00065614
4.7034	0.00038148	0.00035096
4.7035	0.00010681	0.00010681
4.7036	-0.00032044	-0.00032044
4.7037	-0.00056458	-0.00056458
4.7039	-0.00090028	-0.00090028
4.704	-0.0011749	-0.0012055
4.7041	-0.0014801	-0.0014496
4.7043	-0.0016327	-0.0016022
4.7044	-0.0013886	-0.0013886
4.7045	-0.00096132	-0.0009308
4.7046	-0.00041199	-0.00041199
4.7047	-0.00010681	-0.00013733
4.7049	0.00013733	0.00013733
4.705	0.00016785	0.00016785
4.7051	-0.00010681	-7.6295e-05
4.7052	-0.00019837	-0.00016785
4.7054	-0.00035096	-0.00035096
4.7055	-0.0002594	-0.0002594
4.7056	-0.00032044	-0.00032044
4.7058	-0.00032044	-0.00032044
4.7059	-0.00035096	-0.00038148
4.706	-0.00056458	-0.00056458
4.7061	-0.00056458	-0.00053407
4.7062	-0.00047303	-0.00044251
4.7064	-0.00022889	-0.00019837
4.7065	1.5259e-05	1.5259e-05
4.7066	1.5259e-05	4.5777e-05
4.7067	1.5259e-05	1.5259e-05
4.7069	-4.5777e-05	-1.5259e-05
4.707	-0.00022889	-0.0002594
4.7071	-0.00016785	-0.00016785
4.7073	4.5777e-05	1.5259e-05
4.7074	0.00044251	0.00041199
4.7075	0.00077821	0.00077821
4.7076	0.0013275	0.001297
4.7077	0.0016327	0.0016327
4.7079	0.0020294	0.00206
4.708	0.0018769	0.0019074
4.7081	0.0014191	0.0014191
4.7082	0.0009308	0.0009308
4.7084	0.00019837	0.00016785
4.7085	-4.5777e-05	-7.6295e-05
4.7086	-0.00022889	-0.00019837
4.7088	1.5259e-05	1.5259e-05
4.7089	0.00044251	0.00041199
4.709	0.00071717	0.00071717
4.7091	0.00065614	0.00068666
4.7092	0.00065614	0.00062562
4.7094	0.0002594	0.0002594
4.7095	0.00016785	0.00019837
4.7096	0.00010681	0.00013733
4.7097	0.00022889	0.00022889
4.7099	0.00022889	0.00022889
4.71	-4.5777e-05	-7.6295e-05
4.7101	-0.00050355	-0.00047303
4.7103	-0.00086976	-0.00090028
4.7104	-0.0010834	-0.0010834
4.7105	-0.0011749	-0.0011749
4.7106	-0.00071717	-0.00071717
4.7108	-0.00050355	-0.00050355
4.7109	-0.00013733	-0.00010681
4.711	-0.00013733	-0.00010681
4.7111	-0.00013733	-0.00013733
4.7112	-0.00032044	-0.00032044
4.7114	-0.00016785	-0.00019837
4.7115	-0.00016785	-0.00019837
4.7116	-4.5777e-05	-4.5777e-05
4.7118	0.00019837	0.00019837
4.7119	0.00032044	0.00035096
4.712	0.00010681	0.00010681
4.7121	-0.0002594	-0.00028992
4.7123	-0.00044251	-0.00044251
4.7124	-0.00080873	-0.00077821
4.7125	-0.00074769	-0.00074769
4.7126	-0.00074769	-0.00077821
4.7127	-0.00056458	-0.00053407
4.7129	-0.00050355	-0.00050355
4.713	-0.00041199	-0.00044251
4.7131	-0.00044251	-0.00050355
4.7133	-0.00044251	-0.00044251
4.7134	-0.00038148	-0.00041199
4.7135	-1.5259e-05	-1.5259e-05
4.7136	0.00050355	0.00050355
4.7138	0.00083925	0.00083925
4.7139	0.001236	0.001236
4.714	0.0012665	0.0012665
4.7141	0.0010224	0.0010529
4.7142	0.0005951	0.0005951
4.7144	0.0002594	0.0002594
4.7145	0.00010681	0.00010681
4.7146	0.0002594	0.00022889
4.7148	0.00038148	0.00032044
4.7149	0.00074769	0.00071717
4.715	0.0009308	0.00096132
4.7151	0.00096132	0.00099184
4.7152	0.00099184	0.00099184
4.7154	0.0009308	0.0009308
4.7155	0.00080873	0.00077821
4.7156	0.00062562	0.0005951
4.7157	0.00062562	0.0005951
4.7159	0.00056458	0.00056458
4.716	0.00032044	0.00032044
4.7161	-1.5259e-05	-1.5259e-05
4.7163	-0.00028992	-0.00032044
4.7164	-0.0005951	-0.0005951
4.7165	-0.00074769	-0.00074769
4.7166	-0.00068666	-0.00071717
4.7167	-0.00038148	-0.00035096
4.7169	-4.5777e-05	-7.6295e-05
4.717	0.00019837	0.00019837
4.7171	0.00016785	0.00016785
4.7172	4.5777e-05	4.5777e-05
4.7174	-0.00035096	-0.00032044
4.7175	-0.00056458	-0.0005951
4.7176	-0.00053407	-0.00056458
4.7178	-0.00038148	-0.00038148
4.7179	-0.00016785	-0.00016785
4.718	-4.5777e-05	-1.5259e-05
4.7181	7.6295e-05	4.5777e-05
4.7182	-0.00013733	-0.00013733
4.7184	-0.00038148	-0.00038148
4.7185	-0.00056458	-0.00056458
4.7186	-0.00062562	-0.0005951
4.7188	-0.00062562	-0.0005951
4.7189	-0.00071717	-0.00071717
4.719	-0.00080873	-0.00080873
4.7191	-0.0011444	-0.0010834
4.7192	-0.001236	-0.001236
4.7194	-0.0011749	-0.0011749
4.7195	-0.00083925	-0.00086976
4.7196	-0.00022889	-0.00032044
4.7197	0.00035096	0.00035096
4.7199	0.00080873	0.00083925
4.72	0.00099184	0.00096132
