3.415	0.00068666	0.00065614
3.4151	0.0005951	0.00056458
3.4153	0.00028992	0.00028992
3.4154	7.6295e-05	7.6295e-05
3.4155	-0.00019837	-0.00019837
3.4156	-0.00035096	-0.00038148
3.4158	-0.00028992	-0.0002594
3.4159	-0.00028992	-0.00028992
3.416	-0.0002594	-0.0002594
3.4161	-0.0002594	-0.0002594
3.4163	-0.00019837	-0.00019837
3.4164	1.5259e-05	4.5777e-05
3.4165	0.00019837	0.00019837
3.4166	0.00032044	0.00032044
3.4168	0.00041199	0.00041199
3.4169	0.00047303	0.00047303
3.417	0.00050355	0.00050355
3.4171	0.00019837	0.00019837
3.4173	0.00019837	0.00019837
3.4174	-0.00013733	-0.00013733
3.4175	-0.00041199	-0.00044251
3.4176	-0.00044251	-0.00041199
3.4178	-0.00068666	-0.00068666
3.4179	-0.00062562	-0.0005951
3.418	-0.00062562	-0.00062562
3.4181	-0.00047303	-0.00047303
3.4183	-1.5259e-05	-1.5259e-05
3.4184	0.00019837	0.0002594
3.4185	0.00074769	0.00074769
3.4186	0.00096132	0.0009308
3.4188	0.00090028	0.00090028
3.4189	0.0010224	0.0010529
3.419	0.00080873	0.00080873
3.4191	0.00062562	0.00065614
3.4193	0.00044251	0.00044251
3.4194	1.5259e-05	4.5777e-05
3.4195	-0.00010681	-0.00013733
3.4196	-0.00047303	-0.00044251
3.4198	-0.00071717	-0.00068666
3.4199	-0.00053407	-0.00053407
3.42	-0.00053407	-0.00053407
3.4201	-0.0002594	-0.0002594
3.4203	-7.6295e-05	-7.6295e-05
3.4204	0.00013733	0.00010681
3.4205	0.00038148	0.00044251
3.4206	0.00041199	0.00041199
3.4208	0.00050355	0.00050355
3.4209	0.00050355	0.00050355
3.421	0.0002594	0.00028992
3.4211	7.6295e-05	0.00010681
3.4213	-0.00047303	-0.00050355
3.4214	-0.00090028	-0.00090028
3.4215	-0.0012665	-0.0012665
3.4216	-0.0014191	-0.0014496
3.4218	-0.0012665	-0.0012665
3.4219	-0.0010224	-0.0010529
3.422	-0.00062562	-0.00065614
3.4221	-0.00028992	-0.0002594
3.4223	0.00013733	0.00013733
3.4224	0.00068666	0.00068666
3.4225	0.0010529	0.0010224
3.4226	0.0013886	0.0013886
3.4228	0.0015717	0.0015717
3.4229	0.0014801	0.0014496
3.423	0.001236	0.0012055
3.4231	0.0009308	0.0009308
3.4233	0.00053407	0.00050355
3.4234	0.00016785	0.00019837
3.4235	-0.00010681	-7.6295e-05
3.4236	-0.00032044	-0.00032044
3.4238	-0.00053407	-0.00056458
3.4239	-0.0009308	-0.00090028
3.424	-0.0011139	-0.0011444
3.4241	-0.0012665	-0.0012665
3.4243	-0.0013275	-0.0013275
3.4244	-0.0014191	-0.0014191
3.4245	-0.0014801	-0.0015106
3.4246	-0.0013886	-0.0013581
3.4248	-0.0011749	-0.0011444
3.4249	-0.0009308	-0.00096132
3.425	-0.00083925	-0.00086976
3.4251	-0.00071717	-0.00071717
3.4253	-0.00065614	-0.00065614
3.4254	-0.00035096	-0.00041199
3.4255	0.00065614	0.00065614
3.4256	0.0015717	0.0015717
3.4258	0.0022736	0.0023041
3.4259	0.0025177	0.0025177
3.426	0.0022431	0.0022431
3.4261	0.0026398	0.0026398
3.4263	0.002945	0.002945
3.4264	0.0031891	0.0032197
3.4265	0.0033112	0.0033112
3.4266	0.0029145	0.0029145
3.4268	0.0032502	0.0032807
3.4269	0.0033722	0.0033417
3.427	0.0035859	0.0035859
3.4271	0.0030976	0.0030976
3.4273	0.0016938	0.0017243
3.4274	0.00041199	0.00038148
3.4275	-0.0013886	-0.0013886
3.4276	-0.0025177	-0.0024872
3.4278	-0.0033112	-0.0032807
3.4279	-0.0042573	-0.0042573
3.428	-0.0046845	-0.0046845
3.4281	-0.0057221	-0.0056916
3.4283	-0.006424	-0.006424
3.4284	-0.0074006	-0.0074006
3.4285	-0.0089876	-0.0089876
3.4286	-0.010666	-0.010666
3.4288	-0.012741	-0.012741
3.4289	-0.013077	-0.013077
3.429	-0.012161	-0.012161
3.4291	-0.010086	-0.010056
3.4293	-0.0064546	-0.0064546
3.4294	-0.0028229	-0.0028229
3.4295	0.0019379	0.0018769
3.4296	0.0066377	0.0066072
3.4298	0.010727	0.010727
3.4299	0.014389	0.014389
3.43	0.016159	0.01619
3.4301	0.016709	0.016678
3.4303	0.015396	0.015366
3.4304	0.012192	0.012253
3.4305	0.0090791	0.0091096
3.4306	0.0062104	0.0062104
3.4308	0.005417	0.005417
3.4309	0.0064851	0.0064851
3.431	0.0077668	0.0077668
3.4311	0.010208	0.010239
3.4313	0.011948	0.011948
3.4314	0.013931	0.013993
3.4315	0.014908	0.014878
3.4316	0.011765	0.011795
3.4318	0.0065156	0.0065156
3.4319	-0.0014801	-0.0014801
3.432	-0.0078279	-0.0078279
3.4321	-0.010361	-0.010391
3.4323	-0.011368	-0.011368
3.4324	-0.0093843	-0.0094148
3.4325	-0.0095979	-0.0096284
3.4326	-0.012436	-0.012467
3.4328	-0.015885	-0.015854
3.4329	-0.022141	-0.02211
3.433	-0.027115	-0.027146
3.4331	-0.032273	-0.032303
3.4333	-0.037339	-0.037339
3.4334	-0.038407	-0.038407
3.4335	-0.034623	-0.034653
3.4336	-0.021256	-0.021256
3.4338	-0.0027619	-0.0027314
3.4339	0.014969	0.014969
3.434	0.027756	0.027756
3.4341	0.030594	0.030564
3.4343	0.029557	0.029557
3.4344	0.023758	0.023789
3.4345	0.014115	0.014084
3.4346	0.0044404	0.0044709
3.4348	-0.0053559	-0.0053559
3.4349	-0.0065156	-0.0064546
3.435	0.00022889	0.00022889
3.4351	0.0099031	0.0098726
3.4353	0.018479	0.018448
3.4354	0.021286	0.021256
3.4355	0.023911	0.023911
3.4356	0.027695	0.027665
3.4358	0.031754	0.031724
3.4359	0.02916	0.02916
3.436	0.017746	0.017777
3.4361	0.0049287	0.0049287
3.4363	-0.006424	-0.006424
3.4364	-0.0094759	-0.0094759
3.4365	-0.0089265	-0.008896
3.4366	-0.0088045	-0.0088045
3.4368	-0.0046845	-0.004654
3.4369	-0.0016022	-0.0015717
3.437	0.0032807	0.0032807
3.4371	0.0065461	0.0065461
3.4373	0.0033417	0.0033417
3.4374	-0.005539	-0.0055695
3.4375	-0.021927	-0.021958
3.4376	-0.037186	-0.037186
3.4378	-0.05037	-0.05034
3.4379	-0.058793	-0.058762
3.438	-0.059709	-0.059709
3.4381	-0.057145	-0.057145
3.4383	-0.038193	-0.038193
3.4384	-0.0073091	-0.0073091
3.4385	0.023239	0.023209
3.4386	0.04741	0.04741
3.4388	0.049943	0.049943
3.4389	0.041764	0.041764
3.439	0.029831	0.029831
3.4391	0.011643	0.011612
3.4393	-0.0042267	-0.0041962
3.4394	-0.019913	-0.019883
3.4395	-0.024094	-0.024125
3.4396	-0.013107	-0.013107
3.4398	0.0039216	0.0039216
3.4399	0.023239	0.023239
3.44	0.030533	0.030503
3.4401	0.030961	0.030991
3.4403	0.029709	0.02974
3.4404	0.025803	0.025803
3.4405	0.024826	0.024826
3.4406	0.014603	0.014603
3.4408	-0.00044251	-0.00041199
3.4409	-0.0079194	-0.0079194
3.441	-0.0068208	-0.0067903
3.4411	0.0060578	0.0060578
3.4413	0.014115	0.014145
3.4414	0.010452	0.010483
3.4415	0.0045014	0.0045014
3.4416	0.0016938	0.0016938
3.4418	0.0061799	0.0061799
3.4419	0.0073091	0.0073091
3.442	-0.0013886	-0.0013886
3.4421	-0.016342	-0.016373
3.4423	-0.033158	-0.033158
3.4424	-0.043534	-0.043503
3.4425	-0.048783	-0.048783
3.4426	-0.052262	-0.052232
3.4428	-0.054917	-0.054887
3.4429	-0.057023	-0.057023
3.443	-0.049638	-0.049638
3.4431	-0.021622	-0.021622
3.4433	0.018723	0.018753
3.4434	0.051011	0.05098
3.4435	0.057786	0.057786
3.4436	0.039719	0.03975
3.4438	0.020157	0.020188
3.4439	0.010391	0.010361
3.444	0.0016938	0.0016938
3.4441	-0.012345	-0.012345
3.4443	-0.02742	-0.027451
3.4444	-0.024796	-0.024796
3.4445	0.00062562	0.00065614
3.4446	0.031327	0.031327
3.4448	0.046799	0.046799
3.4449	0.041367	0.041337
3.445	0.026505	0.026505
3.4451	0.018357	0.018357
3.4453	0.01912	0.01912
3.4454	0.018418	0.018448
3.4455	0.0098421	0.0098116
3.4456	-0.0069429	-0.0069734
3.4458	-0.013535	-0.013535
3.4459	0.0013275	0.0013275
3.446	0.024033	0.024063
3.4461	0.036545	0.036545
3.4463	0.021592	0.021622
3.4464	-0.004593	-0.004593
3.4465	-0.015396	-0.015396
3.4466	-0.010086	-0.010086
3.4468	0.0013581	0.0013581
3.4469	-0.0026093	-0.0026093
3.447	-0.020035	-0.020066
3.4471	-0.034165	-0.034165
3.4473	-0.042741	-0.042741
3.4474	-0.039933	-0.039872
3.4475	-0.038987	-0.038926
3.4476	-0.047501	-0.047471
3.4478	-0.057115	-0.057115
3.4479	-0.068254	-0.068254
3.448	-0.047929	-0.047898
3.4481	0.0054475	0.005478
3.4483	0.054734	0.054704
3.4484	0.078874	0.078874
3.4485	0.054124	0.054124
3.4486	0.01442	0.01445
3.4488	-0.0031281	-0.0031281
3.4489	-0.01323	-0.01326
3.449	-0.020096	-0.020096
3.4491	-0.033402	-0.033402
3.4493	-0.03444	-0.03444
3.4494	0.0002594	0.0002594
3.4495	0.045029	0.045029
3.4496	0.074144	0.074174
3.4498	0.064561	0.06453
3.4499	0.027604	0.027634
3.45	0.0041047	0.0041047
3.4501	-0.0012665	-0.0012665
3.4503	0.0077363	0.0077058
3.4504	0.0063935	0.0063935
3.4505	-0.013535	-0.013535
3.4506	-0.014847	-0.014847
3.4508	0.0031281	0.0031586
3.4509	0.042008	0.042039
3.451	0.067826	0.067826
3.4511	0.042618	0.042618
3.4513	0.0028534	0.0028534
3.4514	-0.035599	-0.035599
3.4515	-0.036881	-0.036881
3.4516	-0.0042573	-0.0042267
3.4518	0.0075227	0.0074922
3.4519	0.0048676	0.0048981
3.452	-0.018143	-0.018143
3.4521	-0.037522	-0.037552
3.4523	-0.03447	-0.034501
3.4524	-0.033433	-0.033433
3.4525	-0.024704	-0.024704
3.4526	-0.035203	-0.035203
3.4528	-0.062028	-0.062028
3.4529	-0.083207	-0.083207
3.453	-0.086076	-0.086107
3.4531	-0.015274	-0.015244
3.4533	0.068833	0.068833
3.4534	0.10567	0.10567
3.4535	0.088487	0.088487
3.4536	0.012802	0.012802
3.4538	-0.022477	-0.022477
3.4539	-0.018784	-0.018784
3.454	-0.024857	-0.024796
3.4541	-0.029404	-0.029404
3.4543	-0.048478	-0.048478
3.4544	-0.022873	-0.022873
3.4545	0.048569	0.048569
3.4546	0.10051	0.10051
3.4548	0.10576	0.10579
3.4549	0.041642	0.041642
3.455	-0.026871	-0.026841
3.4551	-0.043076	-0.043107
3.4553	-0.021073	-0.021103
3.4554	0.013504	0.013504
3.4555	0.0068818	0.0068818
3.4556	-0.019669	-0.019669
3.4558	-0.0090791	-0.0090791
3.4559	0.031205	0.031144
3.456	0.083146	0.083146
3.4561	0.081743	0.081743
3.4563	0.0081941	0.0082246
3.4564	-0.05687	-0.05684
3.4565	-0.076493	-0.076524
3.4566	-0.029191	-0.029191
3.4568	0.034501	0.034531
3.4569	0.035233	0.035203
3.457	0.0032502	0.0032502
3.4571	-0.033036	-0.033005
3.4573	-0.038315	-0.038315
3.4574	-0.013748	-0.013748
3.4575	-0.0093233	-0.0092927
3.4576	-0.02031	-0.02031
3.4578	-0.06096	-0.06099
3.4579	-0.098314	-0.098283
3.458	-0.10451	-0.10448
3.4581	-0.069963	-0.069963
3.4583	0.036728	0.036728
3.4584	0.106	0.10597
3.4585	0.11095	0.11098
3.4586	0.065812	0.065812
3.4588	-0.016587	-0.016587
3.4589	-0.019638	-0.019638
3.459	-0.015671	-0.01564
3.4591	-0.033646	-0.033616
3.4593	-0.042222	-0.042222
3.4594	-0.059922	-0.059922
3.4595	0.0060273	0.0060273
3.4596	0.090379	0.09041
3.4598	0.12517	0.12517
3.4599	0.098405	0.098405
3.46	-0.0045319	-0.0045319
3.4601	-0.059617	-0.059648
3.4603	-0.052995	-0.052995
3.4604	-0.010575	-0.010575
3.4605	0.029618	0.029648
3.4606	-0.0020905	-0.002121
3.4608	-0.024918	-0.024887
3.4609	-0.0061799	-0.0062104
3.461	0.046738	0.046769
3.4611	0.10353	0.10353
3.4613	0.068986	0.068986
3.4614	-0.016342	-0.016312
3.4615	-0.078691	-0.078691
3.4616	-0.068498	-0.068498
3.4618	0.014511	0.014481
3.4619	0.064256	0.064286
3.462	0.041611	0.041642
3.4621	-0.019852	-0.019852
3.4623	-0.053178	-0.053147
3.4624	-0.022965	-0.022934
3.4625	0.0057832	0.0057527
3.4626	-0.0052338	-0.0052644
3.4628	-0.053178	-0.053178
3.4629	-0.10765	-0.10765
3.463	-0.10906	-0.10906
3.4631	-0.082658	-0.082628
3.4633	-0.041672	-0.041703
3.4634	0.042893	0.042893
3.4635	0.08806	0.08809
3.4636	0.10463	0.10463
3.4638	0.08452	0.08452
3.4639	0.0045624	0.0045624
3.464	-0.017838	-0.017838
3.4641	-0.044816	-0.044846
3.4643	-0.071061	-0.071061
3.4644	-0.05507	-0.05507
3.4645	-0.048234	-0.048264
3.4646	0.030991	0.031022
3.4648	0.10576	0.10579
3.4649	0.12554	0.12551
3.465	0.093431	0.093431
3.4651	-0.015335	-0.015335
3.4653	-0.07332	-0.07332
3.4654	-0.068101	-0.068101
3.4655	-0.018357	-0.018357
3.4656	0.039902	0.039872
3.4658	0.022904	0.022873
3.4659	0.0005951	0.0005951
3.466	0.00206	0.00206
3.4661	0.027939	0.02797
3.4663	0.078416	0.078386
3.4664	0.063432	0.063462
3.4665	0.0041047	0.0040742
3.4666	-0.044694	-0.044663
3.4668	-0.049271	-0.049271
3.4669	0.018021	0.018051
3.467	0.063767	0.063737
3.4671	0.044999	0.044999
3.4673	-0.018357	-0.018357
3.4674	-0.069261	-0.069261
3.4675	-0.047349	-0.047318
3.4676	-0.0085298	-0.0085603
3.4678	0.0024872	0.0024872
3.4679	-0.030961	-0.030961
3.468	-0.081132	-0.081132
3.4681	-0.09572	-0.09572
3.4683	-0.081804	-0.081804
3.4684	-0.069108	-0.069108
3.4685	-0.02678	-0.02681
3.4686	0.053452	0.053452
3.4688	0.10454	0.10454
3.4689	0.12593	0.12593
3.469	0.064042	0.064073
3.4691	-0.027817	-0.027817
3.4693	-0.053727	-0.053758
3.4694	-0.076219	-0.076219
3.4695	-0.064927	-0.064927
3.4696	-0.033249	-0.033249
3.4698	-0.0032197	-0.0032502
3.4699	0.066667	0.066697
3.47	0.11693	0.11699
3.4701	0.10475	0.10475
3.4703	0.036637	0.036637
3.4704	-0.0551	-0.05507
3.4705	-0.097124	-0.097124
3.4706	-0.049363	-0.049363
3.4708	0.021195	0.021164
3.4709	0.06569	0.06569
3.471	0.055161	0.055192
3.4711	0.009781	0.0097505
3.4713	0.0025177	0.0025177
3.4714	0.02034	0.02034
3.4715	0.0486	0.048569
3.4716	0.040391	0.040391
3.4718	-0.014328	-0.014359
3.4719	-0.041733	-0.041733
3.472	-0.017838	-0.017868
3.4721	0.039719	0.039719
3.4723	0.069261	0.069261
3.4724	0.024552	0.024552
3.4725	-0.050278	-0.050278
3.4726	-0.084916	-0.084916
3.4728	-0.060746	-0.060746
3.4729	-0.007187	-0.007187
3.473	0.012802	0.012833
3.4731	-0.014176	-0.014206
3.4733	-0.060319	-0.060319
3.4734	-0.098558	-0.098558
3.4735	-0.094469	-0.094438
3.4736	-0.083116	-0.083116
3.4738	-0.0074311	-0.0074311
3.4739	0.093675	0.093675
3.474	0.12233	0.12233
3.4741	0.12041	0.12038
3.4743	0.023697	0.023667
3.4744	-0.052445	-0.052445
3.4745	-0.046616	-0.046647
3.4746	-0.069963	-0.069963
3.4748	-0.045579	-0.045609
3.4749	-0.027817	-0.027848
3.475	-0.0049592	-0.0049592
3.4751	0.085557	0.085557
3.4753	0.11843	0.11846
3.4754	0.09868	0.09868
3.4755	0.020554	0.020554
3.4756	-0.086748	-0.086778
3.4758	-0.091295	-0.091325
3.4759	-0.029618	-0.029587
3.476	0.050095	0.050095
3.4761	0.093339	0.09337
3.4763	0.039506	0.039506
3.4764	-0.012955	-0.012955
3.4765	-0.022232	-0.022263
3.4766	0.0086824	0.0086824
3.4768	0.057206	0.057206
3.4769	0.038437	0.038437
3.477	-0.0095979	-0.0095979
3.4771	-0.029862	-0.029862
3.4773	-0.0043793	-0.0043488
3.4774	0.050248	0.050248
3.4775	0.059373	0.059373
3.4776	-0.0024262	-0.0024567
3.4778	-0.077104	-0.077134
3.4779	-0.10491	-0.10494
3.478	-0.057877	-0.057877
3.4781	0.017807	0.017838
3.4783	0.040299	0.040299
3.4784	0.0014496	0.0014801
3.4785	-0.073564	-0.073564
3.4786	-0.12251	-0.12248
3.4788	-0.1126	-0.11263
3.4789	-0.077836	-0.077836
3.479	0.03151	0.03154
3.4791	0.10829	0.10832
3.4793	0.11827	0.1183
3.4794	0.10152	0.10149
3.4795	-0.0017548	-0.0017548
3.4796	-0.036576	-0.036576
3.4798	-0.044388	-0.044388
3.4799	-0.084825	-0.084825
3.48	-0.053574	-0.053605
3.4801	-0.044846	-0.044877
3.4803	0.023728	0.023758
3.4804	0.12352	0.12349
3.4805	0.12905	0.12905
3.4806	0.095262	0.095262
3.4808	-0.018875	-0.018875
3.4809	-0.10283	-0.10286
3.481	-0.070878	-0.070878
3.4811	-0.0023957	-0.0024567
3.4813	0.082536	0.082506
3.4814	0.084031	0.084031
3.4815	0.012009	0.012009
3.4816	-0.023362	-0.023392
3.4818	-0.021683	-0.021683
3.4819	0.02742	0.02742
3.482	0.061662	0.061662
3.4821	0.028153	0.028153
3.4823	-0.012375	-0.012375
3.4824	-0.033707	-0.033707
3.4825	0.0041657	0.0041657
3.4826	0.052842	0.052842
3.4828	0.044419	0.044419
3.4829	-0.013291	-0.013291
3.483	-0.092973	-0.092973
3.4831	-0.10729	-0.10729
3.4833	-0.043168	-0.043168
3.4834	0.029068	0.029068
3.4835	0.057237	0.057237
3.4836	0.0031281	0.0031281
3.4838	-0.079026	-0.078996
3.4839	-0.12581	-0.12584
3.484	-0.11513	-0.11513
3.4841	-0.079088	-0.079088
3.4843	-0.00056458	-0.0005951
3.4844	0.084977	0.085008
3.4845	0.11168	0.11165
3.4846	0.12224	0.12224
3.4848	0.046555	0.046555
3.4849	-0.031754	-0.031724
3.485	-0.058091	-0.058091
3.4851	-0.10768	-0.10768
3.4853	-0.073381	-0.073411
3.4854	-0.029099	-0.029099
3.4855	0.030838	0.030838
3.4856	0.11904	0.11904
3.4858	0.11974	0.11971
3.4859	0.093462	0.093462
3.486	0.0037995	0.00383
3.4861	-0.075975	-0.075944
3.4863	-0.064286	-0.064286
3.4864	-0.020249	-0.020218
3.4865	0.0533	0.0533
3.4866	0.063005	0.063005
3.4868	0.015824	0.015824
3.4869	-0.0063325	-0.0063325
3.487	-0.0058137	-0.0057832
3.4871	0.034897	0.034897
3.4873	0.060105	0.060075
3.4874	0.032029	0.032059
3.4875	-0.013626	-0.013596
3.4876	-0.041245	-0.041215
3.4878	-0.0086213	-0.0086519
3.4879	0.042252	0.042252
3.488	0.04979	0.049821
3.4881	0.002884	0.0029145
3.4883	-0.078264	-0.078233
3.4884	-0.11	-0.10997
3.4885	-0.063523	-0.063554
3.4886	0.022751	0.022721
3.4888	0.079942	0.079942
3.4889	0.037003	0.037003
3.489	-0.052995	-0.052995
3.4891	-0.1303	-0.1303
3.4893	-0.1447	-0.1447
3.4894	-0.098772	-0.098772
3.4895	-0.048814	-0.048814
3.4896	0.062181	0.062181
3.4898	0.12535	0.12532
3.4899	0.14156	0.1415
3.49	0.10793	0.10793
3.4901	-0.022721	-0.022751
3.4903	-0.070207	-0.070237
3.4904	-0.10472	-0.10472
3.4905	-0.1021	-0.10207
3.4906	-0.019516	-0.019547
3.4908	0.010178	0.010178
3.4909	0.084337	0.084337
3.491	0.12389	0.12392
3.4911	0.10143	0.10146
3.4913	0.06157	0.061601
3.4914	-0.035569	-0.035599
3.4915	-0.077501	-0.077501
3.4916	-0.050553	-0.050584
3.4918	-0.0017853	-0.0018158
3.4919	0.052659	0.052659
3.492	0.044907	0.044938
3.4921	0.015122	0.015122
3.4923	0.0061494	0.0061799
3.4924	0.0121	0.012131
3.4925	0.040604	0.040574
3.4926	0.039567	0.039567
3.4928	-0.0054475	-0.0054475
3.4929	-0.040238	-0.040269
3.493	-0.032517	-0.032517
3.4931	0.017044	0.017014
3.4933	0.056535	0.056565
3.4934	0.039445	0.039445
3.4935	-0.035691	-0.035721
3.4936	-0.097398	-0.097398
3.4938	-0.089036	-0.089067
3.4939	-0.013413	-0.013474
3.494	0.062699	0.06273
3.4941	0.055283	0.055253
3.4943	-0.022477	-0.022446
3.4944	-0.11458	-0.11458
3.4945	-0.149	-0.149
3.4946	-0.11147	-0.1115
3.4948	-0.061936	-0.061936
3.4949	0.055283	0.055283
3.495	0.1274	0.1274
3.4951	0.14397	0.14397
3.4953	0.11791	0.11791
3.4954	-0.01796	-0.01799
3.4955	-0.073991	-0.073991
3.4956	-0.10173	-0.10173
3.4958	-0.10985	-0.10985
3.4959	-0.027054	-0.027085
3.496	0.0056306	0.0056306
3.4961	0.080156	0.080156
3.4963	0.13555	0.13555
3.4964	0.11339	0.11339
3.4965	0.071183	0.071183
3.4966	-0.034043	-0.034043
3.4968	-0.094438	-0.094438
3.4969	-0.073899	-0.07396
3.497	-0.021683	-0.021653
3.4971	0.053452	0.053452
3.4973	0.070176	0.070207
3.4974	0.039689	0.039658
3.4975	0.017685	0.017685
3.4976	0.0055695	0.0055695
3.4978	0.020951	0.020981
3.4979	0.022232	0.022232
3.498	-0.016129	-0.016129
3.4981	-0.042893	-0.042924
3.4983	-0.031815	-0.031785
3.4984	0.023209	0.023239
3.4985	0.071916	0.071916
3.4986	0.06041	0.06041
3.4988	-0.014115	-0.014145
3.4989	-0.093584	-0.093614
3.499	-0.11287	-0.1129
3.4991	-0.051133	-0.051133
3.4993	0.039353	0.039384
3.4994	0.064317	0.064317
3.4995	0.0051728	0.0051728
3.4996	-0.087022	-0.087022
3.4998	-0.14668	-0.14668
3.4999	-0.11434	-0.11434
3.5	-0.067826	-0.067826
3.5001	0.0098116	0.009781
3.5003	0.10961	0.10958
3.5004	0.12416	0.12413
3.5005	0.12865	0.12865
3.5006	0.035416	0.035416
3.5008	-0.069383	-0.069413
3.5009	-0.079362	-0.079362
3.501	-0.11043	-0.11043
3.5011	-0.043687	-0.043717
3.5013	0.022263	0.022263
3.5014	0.054002	0.054032
3.5015	0.12471	0.12468
3.5016	0.1017	0.1017
3.5018	0.068406	0.068406
3.5019	0.0050507	0.0050813
3.502	-0.080766	-0.080735
3.5021	-0.072282	-0.072313
3.5023	-0.03679	-0.036759
3.5024	0.033829	0.03386
3.5025	0.092576	0.092576
3.5026	0.064073	0.064073
3.5028	0.034409	0.034409
3.5029	-0.0010834	-0.0010834
3.503	-0.017197	-0.017197
3.5031	0.0033722	0.0033722
3.5033	-0.016281	-0.016281
3.5034	-0.027604	-0.027604
3.5035	-0.016159	-0.016159
3.5036	0.016007	0.015976
3.5038	0.08101	0.08101
3.5039	0.07744	0.07744
3.504	0.016861	0.016861
3.5041	-0.067613	-0.067582
3.5043	-0.13664	-0.13664
3.5044	-0.10207	-0.10207
3.5045	-0.013046	-0.013016
3.5046	0.058213	0.058244
3.5048	0.057633	0.057633
3.5049	-0.023392	-0.023392
3.505	-0.10225	-0.10225
3.5051	-0.12914	-0.12914
3.5053	-0.098009	-0.098009
3.5054	-0.059312	-0.059312
3.5055	0.027787	0.027756
3.5056	0.096483	0.096513
3.5058	0.11333	0.11336
3.5059	0.10796	0.10793
3.506	0.0050507	0.0050507
3.5061	-0.052811	-0.052781
3.5063	-0.074388	-0.074388
3.5064	-0.093584	-0.093584
3.5065	-0.018906	-0.018936
3.5066	0.01207	0.0121
3.5068	0.060533	0.060533
3.5069	0.10399	0.10399
3.507	0.07155	0.07155
3.5071	0.054856	0.054856
3.5073	-0.012741	-0.012711
3.5074	-0.060227	-0.060227
3.5075	-0.041489	-0.04152
3.5076	-0.012345	-0.012345
3.5078	0.057023	0.056992
3.5079	0.070939	0.071
3.508	0.03679	0.03679
3.5081	0.0074922	0.0074922
3.5083	-0.027451	-0.027451
3.5084	-0.015122	-0.015122
3.5085	0.00074769	0.00077821
3.5086	-0.0062409	-0.0061799
3.5088	-0.0010529	-0.0010529
3.5089	0.015518	0.015549
3.509	0.051865	0.051865
3.5091	0.075425	0.075395
3.5093	0.040879	0.040848
3.5094	-0.033799	-0.033799
3.5095	-0.10372	-0.10372
3.5096	-0.1227	-0.1227
3.5098	-0.056626	-0.056596
3.5099	0.034928	0.034897
3.51	0.07335	0.07335
3.5101	0.045579	0.045579
3.5103	-0.040299	-0.040299
3.5104	-0.101	-0.101
3.5105	-0.11064	-0.11064
3.5106	-0.095415	-0.095415
3.5108	-0.061692	-0.061662
3.5109	0.026505	0.026474
3.511	0.10289	0.10289
3.5111	0.14113	0.14116
3.5113	0.12224	0.12224
3.5114	0.00016785	0.00019837
3.5115	-0.067491	-0.067521
3.5116	-0.1057	-0.1057
3.5118	-0.099138	-0.099168
3.5119	-0.0067292	-0.0067597
3.512	0.022416	0.022416
3.5121	0.075151	0.075181
3.5123	0.091356	0.091386
3.5124	0.069352	0.069352
3.5125	0.063706	0.063737
3.5126	-0.017594	-0.017594
3.5128	-0.056962	-0.056962
3.5129	-0.056931	-0.056931
3.513	-0.022904	-0.022873
3.5131	0.058305	0.058335
3.5133	0.063432	0.063401
3.5134	0.040665	0.040665
3.5135	-0.0020905	-0.002121
3.5136	-0.036667	-0.036667
3.5138	-0.013474	-0.013474
3.5139	0.0039216	0.0039216
3.514	0.006302	0.006302
3.5141	0.0016938	0.0016938
3.5143	0.0098421	0.0098421
3.5144	0.040055	0.040024
3.5145	0.056992	0.056962
3.5146	0.03035	0.030381
3.5148	-0.038285	-0.038285
3.5149	-0.10222	-0.10222
3.515	-0.11769	-0.11769
3.5151	-0.056474	-0.056474
3.5153	0.032944	0.032944
3.5154	0.079332	0.079301
3.5155	0.049607	0.049607
3.5156	-0.036576	-0.036606
3.5158	-0.1082	-0.1082
3.5159	-0.13347	-0.13344
3.516	-0.11537	-0.1154
3.5161	-0.061265	-0.061234
3.5163	0.058579	0.058549
3.5164	0.13793	0.1379
3.5165	0.16179	0.16179
3.5166	0.10713	0.10713
3.5168	-0.02739	-0.027359
3.5169	-0.081651	-0.081651
3.517	-0.10979	-0.10979
3.5171	-0.078965	-0.078996
3.5173	0.0035859	0.0035859
3.5174	0.023331	0.023331
3.5175	0.076585	0.076555
3.5176	0.09218	0.092149
3.5178	0.086412	0.086412
3.5179	0.064958	0.064958
3.518	-0.019547	-0.019547
3.5181	-0.056687	-0.056687
3.5183	-0.057084	-0.057084
3.5184	-0.0075227	-0.0075227
3.5185	0.057511	0.057511
3.5186	0.054337	0.054307
3.5188	0.028641	0.028641
3.5189	-0.011246	-0.011215
3.519	-0.024735	-0.024765
3.5191	0.0013581	0.0014191
3.5193	0.011826	0.011826
3.5194	0.0065766	0.0065461
3.5195	0.0024262	0.0023957
3.5196	0.012253	0.012192
3.5198	0.044755	0.044724
3.5199	0.048997	0.048997
3.52	0.011887	0.011887
3.5201	-0.054643	-0.054612
3.5203	-0.11608	-0.11608
3.5204	-0.1097	-0.1097
3.5205	-0.03859	-0.03859
3.5206	0.051621	0.051621
3.5208	0.094011	0.094011
3.5209	0.040177	0.040177
3.521	-0.043626	-0.043595
3.5211	-0.12187	-0.1219
3.5213	-0.14809	-0.14809
3.5214	-0.11791	-0.11791
3.5215	-0.064469	-0.0645
3.5216	0.069474	0.069474
3.5218	0.14357	0.14357
3.5219	0.15727	0.15727
3.522	0.1053	0.10527
3.5221	-0.037552	-0.037552
3.5223	-0.080858	-0.080888
3.5224	-0.10576	-0.10576
3.5225	-0.076432	-0.076463
3.5226	0.0064851	0.0065156
3.5228	0.015702	0.015732
3.5229	0.077348	0.077348
3.523	0.096574	0.096574
3.5231	0.088029	0.088029
3.5233	0.069627	0.069657
3.5234	-0.020462	-0.020462
3.5235	-0.055436	-0.055436
3.5236	-0.053422	-0.053422
3.5238	-0.013107	-0.013077
3.5239	0.052628	0.052628
3.524	0.048234	0.048234
3.5241	0.024857	0.024857
3.5243	-0.0075837	-0.0075532
3.5244	-0.023758	-0.023758
3.5245	0.0053864	0.0053864
3.5246	0.013748	0.013748
3.5248	0.0058747	0.0058747
3.5249	0.0021515	0.0021515
3.525	0.0095369	0.0095064
3.5251	0.03679	0.036728
3.5253	0.043809	0.043778
3.5254	0.0069429	0.0069734
3.5255	-0.059312	-0.059312
3.5256	-0.11077	-0.11077
3.5258	-0.10317	-0.10317
3.5259	-0.023697	-0.023697
3.526	0.065293	0.065293
3.5261	0.10042	0.10045
3.5263	0.047715	0.047715
3.5264	-0.050645	-0.050645
3.5265	-0.13527	-0.13527
3.5266	-0.15929	-0.15926
3.5268	-0.12181	-0.12181
3.5269	-0.060746	-0.060746
3.527	0.076524	0.076524
3.5271	0.15288	0.15288
3.5273	0.16686	0.16686
3.5274	0.11778	0.11775
3.5275	-0.037217	-0.037247
3.5276	-0.088365	-0.088396
3.5278	-0.11254	-0.11257
3.5279	-0.08864	-0.08864
3.528	0.0010529	0.0010529
3.5281	0.010697	0.010666
3.5283	0.077379	0.077348
3.5284	0.10259	0.10256
3.5285	0.095323	0.095354
3.5286	0.085374	0.085374
3.5288	-0.017136	-0.017105
3.5289	-0.061814	-0.061784
3.529	-0.072526	-0.072496
3.5291	-0.035966	-0.035966
3.5293	0.04979	0.049821
3.5294	0.05214	0.052171
3.5295	0.039841	0.039872
3.5296	0.00206	0.00206
3.5298	-0.023209	-0.023178
3.5299	0.0066072	0.0066072
3.53	0.0088655	0.008896
3.5301	0.0067597	0.0067597
3.5303	-0.005417	-0.005417
3.5304	-0.00053407	-0.00050355
3.5305	0.036149	0.036149
3.5306	0.043137	0.043137
3.5308	0.015	0.015
3.5309	-0.055589	-0.055589
3.531	-0.11174	-0.11174
3.5311	-0.1003	-0.1003
3.5313	-0.030137	-0.030137
3.5314	0.067582	0.067582
3.5315	0.10549	0.10549
3.5316	0.050401	0.050431
3.5318	-0.04506	-0.04506
3.5319	-0.1426	-0.1426
3.532	-0.16817	-0.1682
3.5321	-0.12902	-0.12898
3.5323	-0.068437	-0.068437
3.5324	0.080613	0.080613
3.5325	0.16341	0.16341
3.5326	0.18206	0.18206
3.5328	0.12941	0.12941
3.5329	-0.04332	-0.043351
3.533	-0.099474	-0.099474
3.5331	-0.11949	-0.11949
3.5333	-0.090349	-0.090318
3.5334	0.0052033	0.0052338
3.5335	0.010483	0.010452
3.5336	0.072129	0.07216
3.5338	0.10246	0.10249
3.5339	0.10393	0.1039
3.534	0.099535	0.099565
3.5341	-0.010483	-0.010483
3.5343	-0.07097	-0.071
3.5344	-0.092454	-0.092454
3.5345	-0.049699	-0.049699
3.5346	0.050523	0.050492
3.5348	0.064714	0.064714
3.5349	0.051652	0.051652
3.535	0.0031586	0.0031586
3.5351	-0.027298	-0.027268
3.5353	0.0014801	0.0014801
3.5354	0.0091402	0.0091402
3.5355	0.012924	0.012924
3.5356	-0.0069734	-0.0069734
3.5358	-0.0087739	-0.0087739
3.5359	0.027909	0.027909
3.536	0.037827	0.037827
3.5361	0.031418	0.031418
3.5363	-0.037613	-0.037613
3.5364	-0.10253	-0.10253
3.5365	-0.09456	-0.09456
3.5366	-0.043961	-0.043992
3.5368	0.062486	0.062486
3.5369	0.10365	0.10365
3.537	0.053361	0.053361
3.5371	-0.033616	-0.033646
3.5373	-0.1397	-0.1397
3.5374	-0.16674	-0.16674
3.5375	-0.1237	-0.1237
3.5376	-0.074846	-0.074846
3.5378	0.059098	0.059098
3.5379	0.14797	0.14797
3.538	0.1642	0.1642
3.5381	0.13997	0.13997
3.5383	-0.017044	-0.017014
3.5384	-0.089128	-0.089128
3.5385	-0.099351	-0.099351
3.5386	-0.098955	-0.098955
3.5388	-0.007126	-0.0071565
3.5389	0.0031281	0.0031281
3.539	0.049485	0.049454
3.5391	0.10799	0.10796
3.5393	0.10192	0.10192
3.5394	0.11244	0.11241
3.5395	0.012406	0.012406
3.5396	-0.067948	-0.067979
3.5398	-0.08922	-0.08925
3.5399	-0.070115	-0.070115
3.54	0.033646	0.033677
3.5401	0.063584	0.063615
3.5403	0.051926	0.051926
3.5404	0.015457	0.015457
3.5405	-0.028336	-0.028305
3.5406	-0.0051118	-0.0051423
3.5408	0.0069123	0.0068818
3.5409	0.010819	0.010788
3.541	-0.00022889	-0.00022889
3.5411	-0.017929	-0.017929
3.5413	0.011215	0.011215
3.5414	0.032181	0.032151
3.5415	0.037675	0.037675
3.5416	-0.0054475	-0.005478
3.5418	-0.077409	-0.077379
3.5419	-0.095048	-0.095079
3.542	-0.067704	-0.067704
3.5421	0.021439	0.021439
3.5423	0.090501	0.090471
3.5424	0.074907	0.074907
3.5425	0.0040436	0.0040436
3.5426	-0.098894	-0.098924
3.5428	-0.15636	-0.15636
3.5429	-0.12929	-0.12935
3.543	-0.088701	-0.088701
3.5431	-0.00022889	-0.00022889
3.5433	0.11019	0.11019
3.5434	0.14086	0.14089
3.5435	0.1519	0.15193
3.5436	0.060624	0.060594
3.5438	-0.053117	-0.053147
3.5439	-0.070298	-0.070298
3.544	-0.10719	-0.10719
3.5441	-0.064591	-0.064591
3.5443	-0.016983	-0.016983
3.5444	0.0067903	0.0067597
3.5445	0.09987	0.09987
3.5446	0.11757	0.11757
3.5448	0.1288	0.12877
3.5449	0.0692	0.0692
3.545	-0.047349	-0.047379
3.5451	-0.086503	-0.086503
3.5453	-0.09218	-0.092149
3.5454	-0.011887	-0.011917
3.5455	0.054795	0.054826
3.5456	0.050126	0.050065
3.5458	0.033829	0.033829
3.5459	-0.010941	-0.010971
3.546	-0.0093538	-0.0093538
3.5461	0.011948	0.011948
3.5463	0.0075837	0.0075837
3.5464	0.0046235	0.004593
3.5465	-0.024491	-0.024491
3.5466	-0.0080415	-0.008072
3.5468	0.026322	0.026352
3.5469	0.038346	0.038346
3.547	0.026963	0.026963
3.5471	-0.052262	-0.052262
3.5473	-0.094102	-0.094102
3.5474	-0.086992	-0.086992
3.5475	-0.027634	-0.027634
3.5476	0.074479	0.074449
3.5478	0.092302	0.092302
3.5479	0.047501	0.047501
3.548	-0.051957	-0.051957
3.5481	-0.15071	-0.15071
3.5483	-0.15209	-0.15212
3.5484	-0.11559	-0.11562
3.5485	-0.049027	-0.049027
3.5486	0.065232	0.065263
3.5488	0.12956	0.12959
3.5489	0.15413	0.15413
3.549	0.12529	0.12532
3.5491	0.007187	0.0072175
3.5493	-0.055192	-0.055161
3.5494	-0.094652	-0.094652
3.5495	-0.11424	-0.11424
3.5496	-0.05275	-0.05275
3.5498	-0.017136	-0.017136
3.5499	0.068681	0.068681
3.55	0.13698	0.13695
3.5501	0.13869	0.13869
3.5503	0.11254	0.11254
3.5504	-0.0056611	-0.0056611
3.5505	-0.086107	-0.086107
3.5506	-0.10246	-0.10243
3.5508	-0.064164	-0.064164
3.5509	0.026474	0.026474
3.551	0.054612	0.054612
3.5511	0.049424	0.049424
3.5513	0.024521	0.024552
3.5514	-0.00383	-0.0038605
3.5515	0.0086519	0.0086824
3.5516	0.004715	0.004715
3.5518	-0.0019074	-0.0019074
3.5519	-0.013901	-0.01387
3.552	-0.016922	-0.016922
3.5521	0.01622	0.016251
3.5523	0.033433	0.033433
3.5524	0.030045	0.030045
3.5525	-0.021622	-0.021653
3.5526	-0.077409	-0.077409
3.5528	-0.08571	-0.08571
3.5529	-0.05214	-0.05214
3.553	0.038743	0.038743
3.5531	0.091539	0.091539
3.5533	0.070512	0.070512
3.5534	-0.0064546	-0.0064546
3.5535	-0.11629	-0.11629
3.5536	-0.16216	-0.16216
3.5538	-0.13896	-0.13893
3.5539	-0.084154	-0.084154
3.554	0.0063325	0.006363
3.5541	0.10668	0.10668
3.5543	0.14955	0.14958
3.5544	0.15276	0.15282
3.5545	0.080552	0.080491
3.5546	-0.033677	-0.033646
3.5548	-0.077989	-0.077989
3.5549	-0.12438	-0.12441
3.555	-0.10143	-0.1014
3.5551	-0.029587	-0.029587
3.5553	0.025711	0.025711
3.5554	0.12361	0.12358
3.5555	0.14607	0.14607
3.5556	0.12712	0.12715
3.5558	0.05507	0.05507
3.5559	-0.06392	-0.06392
3.556	-0.10167	-0.10167
3.5561	-0.094621	-0.094621
3.5563	-0.02385	-0.02385
3.5564	0.05095	0.05098
3.5565	0.053208	0.053208
3.5566	0.046647	0.046647
3.5568	0.011032	0.011032
3.5569	-0.0021515	-0.002182
3.557	0.0090181	0.0090486
3.5571	-0.0013581	-0.0013581
3.5573	-0.001236	-0.0012055
3.5574	-0.022354	-0.022354
3.5575	-0.010727	-0.010727
3.5576	0.02092	0.02092
3.5578	0.027634	0.027634
3.5579	0.018845	0.018906
3.558	-0.042496	-0.042466
3.5581	-0.077684	-0.077684
3.5583	-0.067094	-0.067094
3.5584	-0.014817	-0.014817
3.5585	0.070909	0.070939
3.5586	0.081041	0.08101
3.5588	0.030137	0.030106
3.5589	-0.063554	-0.063523
3.559	-0.15257	-0.15257
3.5591	-0.14977	-0.14974
3.5593	-0.10442	-0.10442
3.5594	-0.038682	-0.038712
3.5595	0.068162	0.068193
3.5596	0.13228	0.13228
3.5598	0.15373	0.1537
3.5599	0.13307	0.1331
3.56	0.016831	0.0168
3.5601	-0.056718	-0.056718
3.5603	-0.10622	-0.10622
3.5604	-0.13317	-0.1332
3.5605	-0.055863	-0.055863
3.5606	-0.0018158	-0.0018158
3.5608	0.085801	0.085832
3.5609	0.14626	0.14623
3.561	0.12856	0.12856
3.5611	0.097948	0.097978
3.5613	-0.014481	-0.014481
3.5614	-0.087694	-0.087663
3.5615	-0.099931	-0.099931
3.5616	-0.069047	-0.069017
3.5618	0.022354	0.022354
3.5619	0.052811	0.052811
3.562	0.054215	0.054246
3.5621	0.031174	0.031174
3.5623	-0.0066682	-0.0066987
3.5624	0.0030976	0.0030976
3.5625	-0.00010681	-0.00013733
3.5626	0.0034028	0.0034028
3.5628	-0.0099031	-0.0099031
3.5629	-0.02269	-0.02269
3.563	0.0076143	0.0075837
3.5631	0.017929	0.017929
3.5633	0.028946	0.028977
3.5634	-0.0057527	-0.0057527
3.5635	-0.060349	-0.060349
3.5636	-0.063066	-0.063066
3.5638	-0.048478	-0.048478
3.5639	0.02388	0.02385
3.564	0.072251	0.072282
3.5641	0.050065	0.050034
3.5643	-0.0079805	-0.0079805
3.5644	-0.10967	-0.10967
3.5645	-0.15157	-0.15154
3.5646	-0.12584	-0.12584
3.5648	-0.076707	-0.076677
3.5649	0.0018463	0.0018463
3.565	0.093431	0.093431
3.5651	0.14079	0.14079
3.5653	0.15367	0.1537
3.5654	0.097887	0.097856
3.5655	-0.018204	-0.018204
3.5656	-0.079149	-0.079149
3.5658	-0.12935	-0.12932
3.5659	-0.11135	-0.11135
3.566	-0.030808	-0.030808
3.5661	0.028885	0.028855
3.5663	0.11928	0.11928
3.5664	0.14366	0.14366
3.5665	0.12282	0.12285
3.5666	0.062394	0.062394
3.5668	-0.051621	-0.051591
3.5669	-0.099229	-0.09926
3.567	-0.1006	-0.10057
3.5671	-0.040116	-0.040085
3.5673	0.040848	0.040818
3.5674	0.057145	0.057145
3.5675	0.054459	0.054429
3.5676	0.017868	0.017868
3.5678	-0.002121	-0.0021515
3.5679	0.0079194	0.0079194
3.568	0.0027924	0.0027619
3.5681	0.0056306	0.0056306
3.5683	-0.016648	-0.016648
3.5684	-0.022477	-0.022446
3.5685	-0.0018769	-0.0018463
3.5686	0.011215	0.011246
3.5688	0.029526	0.029526
3.5689	-0.0031281	-0.0031281
3.569	-0.036606	-0.036606
3.5691	-0.047318	-0.047318
3.5693	-0.037949	-0.037949
3.5694	0.026169	0.026169
3.5695	0.050187	0.050187
3.5696	0.036179	0.03621
3.5698	-0.025376	-0.025376
3.5699	-0.1147	-0.1147
3.57	-0.13777	-0.13777
3.5701	-0.11913	-0.11913
3.5703	-0.059007	-0.059037
3.5704	0.021286	0.021286
3.5705	0.10146	0.10146
3.5706	0.14324	0.14324
3.5708	0.13634	0.13637
3.5709	0.068284	0.068254
3.571	-0.037339	-0.037339
3.5711	-0.09221	-0.092241
3.5713	-0.12419	-0.12419
3.5714	-0.095079	-0.095109
3.5715	-0.016495	-0.016495
3.5716	0.04744	0.04741
3.5718	0.12486	0.12483
3.5719	0.13985	0.13985
3.572	0.1053	0.1053
3.5721	0.033768	0.033768
3.5723	-0.068559	-0.068559
3.5724	-0.10118	-0.10118
3.5725	-0.088151	-0.088182
3.5726	-0.026413	-0.026383
3.5728	0.0421	0.0421
3.5729	0.051255	0.051255
3.573	0.048173	0.048173
3.5731	0.022263	0.022232
3.5733	0.0083467	0.0083772
3.5734	0.013962	0.013931
3.5735	-0.0014496	-0.0014496
3.5736	-0.0068513	-0.0068818
3.5738	-0.028428	-0.028428
3.5739	-0.034226	-0.034257
3.574	0.00044251	0.00044251
3.5741	0.023392	0.023392
3.5743	0.041642	0.041611
3.5744	0.014694	0.014694
3.5745	-0.035477	-0.035477
3.5746	-0.056596	-0.056596
3.5748	-0.041032	-0.041062
3.5749	0.017716	0.017746
3.575	0.05568	0.055711
3.5751	0.039048	0.039017
3.5753	-0.02974	-0.02977
3.5754	-0.10954	-0.10951
3.5755	-0.13597	-0.13597
3.5756	-0.10292	-0.10289
3.5758	-0.044724	-0.044694
3.5759	0.029465	0.029435
3.576	0.10674	0.10677
3.5761	0.13671	0.13671
3.5763	0.13469	0.13466
3.5764	0.061692	0.061662
3.5765	-0.043748	-0.043748
3.5766	-0.098985	-0.098955
3.5768	-0.13243	-0.13243
3.5769	-0.087785	-0.087785
3.577	-0.0060273	-0.0060273
3.5771	0.063615	0.063584
3.5773	0.13902	0.13902
3.5774	0.13759	0.13756
3.5775	0.097063	0.097063
3.5776	0.011429	0.01146
3.5778	-0.086503	-0.086534
3.5779	-0.10814	-0.10817
3.578	-0.091936	-0.091905
3.5781	-0.01564	-0.01561
3.5783	0.050736	0.050706
3.5784	0.059281	0.059281
3.5785	0.058274	0.058305
3.5786	0.021897	0.021927
3.5788	0.0077974	0.0077974
3.5789	0.003006	0.0030365
3.579	-0.019364	-0.019364
3.5791	-0.020859	-0.020829
3.5793	-0.044327	-0.044297
3.5794	-0.026596	-0.026627
3.5795	0.012558	0.012589
3.5796	0.038804	0.038804
3.5798	0.059037	0.059068
3.5799	0.0075532	0.0075227
3.58	-0.043717	-0.043687
3.5801	-0.076036	-0.076036
3.5803	-0.055985	-0.056016
3.5804	0.022263	0.022232
3.5805	0.059617	0.059617
3.5806	0.056168	0.056168
3.5808	-0.020981	-0.020981
3.5809	-0.10933	-0.10933
3.581	-0.13146	-0.13149
3.5811	-0.11357	-0.1136
3.5813	-0.039841	-0.039811
3.5814	0.021927	0.021958
3.5815	0.091081	0.091081
3.5816	0.1415	0.1415
3.5818	0.1263	0.1263
3.5819	0.082078	0.082109
3.582	-0.027909	-0.027909
3.5821	-0.10054	-0.10054
3.5823	-0.11843	-0.11843
3.5824	-0.099626	-0.099626
3.5825	-0.0059968	-0.0059968
3.5826	0.060624	0.060624
3.5828	0.12328	0.12331
3.5829	0.14696	0.14696
3.583	0.095354	0.095354
3.5831	0.02565	0.02565
3.5833	-0.075273	-0.075303
3.5834	-0.11901	-0.11901
3.5835	-0.097002	-0.097002
3.5836	-0.031418	-0.031449
3.5838	0.053513	0.053483
3.5839	0.073716	0.073716
3.584	0.066148	0.066178
3.5841	0.031388	0.031388
3.5843	-0.0047761	-0.0048066
3.5844	-0.012497	-0.012497
3.5845	-0.029374	-0.029374
3.5846	-0.031571	-0.031601
3.5848	-0.032242	-0.032212
3.5849	-0.013809	-0.01384
3.585	0.023545	0.023545
3.5851	0.045304	0.045304
3.5853	0.048753	0.048753
3.5854	0.0076143	0.0076143
3.5855	-0.042374	-0.042374
3.5856	-0.071672	-0.071702
3.5858	-0.05452	-0.05449
3.5859	0.0057832	0.0057527
3.586	0.050675	0.050675
3.5861	0.052079	0.052079
3.5863	-0.013016	-0.012985
3.5864	-0.091783	-0.091752
3.5865	-0.12453	-0.12456
3.5866	-0.10921	-0.10924
3.5868	-0.041917	-0.041917
3.5869	0.01091	0.010941
3.587	0.072038	0.072038
3.5871	0.11321	0.11318
3.5873	0.099351	0.099351
3.5874	0.07985	0.07982
3.5875	-0.0023041	-0.0023041
3.5876	-0.062608	-0.062577
3.5878	-0.078111	-0.078111
3.5879	-0.089769	-0.089769
3.588	-0.02739	-0.02739
3.5881	0.023606	0.023606
3.5883	0.083726	0.083696
3.5884	0.13759	0.13762
3.5885	0.10292	0.10295
3.5886	0.04744	0.04744
3.5888	-0.05565	-0.05568
3.5889	-0.11879	-0.11876
3.589	-0.091997	-0.092027
3.5891	-0.03267	-0.0327
3.5893	0.059556	0.059556
3.5894	0.083574	0.083574
3.5895	0.057267	0.057267
3.5896	0.024002	0.024002
3.5898	-0.020127	-0.020157
3.5899	-0.013657	-0.013657
3.59	-0.014969	-0.01503
3.5901	-0.020188	-0.020188
3.5903	-0.018479	-0.018448
3.5904	-0.025528	-0.025528
3.5905	0.0062104	0.0062104
3.5906	0.033616	0.033646
3.5908	0.054002	0.053971
3.5909	0.041367	0.041398
3.591	-0.019974	-0.019974
3.5911	-0.060624	-0.060594
3.5913	-0.077134	-0.077104
3.5914	-0.035569	-0.035569
3.5915	0.031815	0.031815
3.5916	0.049088	0.049088
3.5918	0.018601	0.018631
3.5919	-0.056474	-0.056443
3.592	-0.10491	-0.10491
3.5921	-0.094652	-0.094652
3.5923	-0.05095	-0.05098
3.5924	0.0019379	0.0019684
3.5925	0.029007	0.029038
3.5926	0.059739	0.059739
3.5928	0.075181	0.075181
3.5929	0.079149	0.079149
3.593	0.061082	0.061082
3.5931	-0.0073396	-0.0073091
3.5933	-0.047684	-0.047654
3.5934	-0.082841	-0.082811
3.5935	-0.076341	-0.07631
3.5936	-0.0093538	-0.0093843
3.5938	0.046067	0.046067
3.5939	0.11705	0.11708
3.594	0.11843	0.11843
3.5941	0.059983	0.059983
3.5943	-0.016281	-0.016312
3.5944	-0.10002	-0.10005
3.5945	-0.089952	-0.089952
3.5946	-0.040665	-0.040665
3.5948	0.027329	0.027359
3.5949	0.076921	0.07689
3.595	0.051164	0.051133
3.5951	0.031601	0.031632
3.5953	-0.0019989	-0.0019684
3.5954	-0.015702	-0.015702
3.5955	-0.0062104	-0.0062104
3.5956	-0.02446	-0.02446
3.5958	-0.016495	-0.016526
3.5959	-0.018631	-0.018601
3.596	-0.0022126	-0.002182
3.5961	0.04036	0.04036
3.5963	0.04686	0.046891
3.5964	0.045609	0.04564
3.5965	-0.0065156	-0.0065461
3.5966	-0.064469	-0.064469
3.5968	-0.077287	-0.077256
3.5969	-0.061204	-0.061204
3.597	0.012222	0.012222
3.5971	0.055467	0.055436
3.5973	0.039689	0.039689
3.5974	-0.010636	-0.010636
3.5975	-0.085863	-0.085832
3.5976	-0.10051	-0.10051
3.5978	-0.076097	-0.076097
3.5979	-0.040116	-0.040116
3.598	0.001297	0.0013275
3.5981	0.036912	0.036881
3.5983	0.078202	0.078202
3.5984	0.099657	0.099687
3.5985	0.087816	0.087846
3.5986	0.024002	0.024002
3.5988	-0.0421	-0.04213
3.5989	-0.083238	-0.083238
3.599	-0.094774	-0.094774
3.5991	-0.03975	-0.03975
3.5993	0.022141	0.022141
3.5994	0.089494	0.089494
3.5995	0.12303	0.123
3.5996	0.082658	0.082658
3.5998	0.014817	0.014786
3.5999	-0.069352	-0.069322
3.6	-0.095781	-0.09575
3.6001	-0.056809	-0.056809
3.6003	0.0065461	0.0065461
3.6004	0.067765	0.067735
3.6005	0.061997	0.061967
3.6006	0.030167	0.030167
3.6008	-0.0066377	-0.0066377
3.6009	-0.028153	-0.028183
3.601	-0.011093	-0.011093
3.6011	-0.0073701	-0.0073396
3.6013	-0.00062562	-0.00062562
3.6014	-0.0011749	-0.0011749
3.6015	0.0013886	0.0013886
3.6016	0.031754	0.031754
3.6018	0.043473	0.043442
3.6019	0.041215	0.041215
3.602	-0.00019837	-0.00019837
3.6021	-0.05919	-0.05919
3.6023	-0.077073	-0.077073
3.6024	-0.061265	-0.061265
3.6025	0.0044099	0.0044404
3.6026	0.056474	0.056474
3.6028	0.051072	0.051102
3.6029	0.0049592	0.0049592
3.603	-0.069383	-0.069383
3.6031	-0.096483	-0.096452
3.6033	-0.08275	-0.08278
3.6034	-0.052323	-0.052323
3.6035	-0.016129	-0.016129
3.6036	0.016983	0.016953
3.6038	0.067247	0.067247
3.6039	0.09868	0.09868
3.604	0.10195	0.10198
3.6041	0.051682	0.051682
3.6043	-0.025956	-0.025956
3.6044	-0.073106	-0.073136
3.6045	-0.10011	-0.10008
3.6046	-0.060746	-0.060746
3.6048	0.0074006	0.0074311
3.6049	0.06804	0.06807
3.605	0.11717	0.11714
3.6051	0.088731	0.088701
3.6053	0.026596	0.026566
3.6054	-0.047074	-0.047074
3.6055	-0.086656	-0.086687
3.6056	-0.050736	-0.050736
3.6058	0.0009308	0.00090028
3.6059	0.052964	0.052964
3.606	0.05333	0.05333
3.6061	0.016861	0.016861
3.6063	-0.0048371	-0.0048371
3.6064	-0.020829	-0.020829
3.6065	-0.0068818	-0.0069123
3.6066	-0.0017243	-0.0016938
3.6068	-0.010056	-0.010056
3.6069	-0.0094148	-0.0094148
3.607	0.0009308	0.0009308
3.6071	0.031662	0.031662
3.6073	0.048569	0.048539
3.6074	0.038651	0.038651
3.6075	-0.0035248	-0.0035248
3.6076	-0.05214	-0.05214
3.6078	-0.071031	-0.071031
3.6079	-0.05684	-0.05687
3.608	-0.0043793	-0.0043488
3.6081	0.043137	0.043137
3.6083	0.054368	0.054368
3.6084	0.018631	0.018631
3.6085	-0.044266	-0.044327
3.6086	-0.084001	-0.08397
3.6088	-0.091508	-0.091508
3.6089	-0.064256	-0.064256
3.609	-0.032578	-0.032639
3.6091	-0.00065614	-0.00062562
3.6093	0.052995	0.052995
3.6094	0.086076	0.086076
3.6095	0.10585	0.10582
3.6096	0.080064	0.080095
3.6098	0.0051118	0.0051118
3.6099	-0.047776	-0.047776
3.61	-0.095323	-0.095354
3.6101	-0.08455	-0.08455
3.6103	-0.026932	-0.026932
3.6104	0.030655	0.030655
3.6105	0.10213	0.10213
3.6106	0.10451	0.10451
3.6108	0.063188	0.063188
3.6109	-0.0049287	-0.0048981
3.611	-0.070756	-0.070756
3.6111	-0.060075	-0.060075
3.6113	-0.027451	-0.02742
3.6114	0.025925	0.025925
3.6115	0.049668	0.049699
3.6116	0.021927	0.021897
3.6118	0.0075532	0.0075532
3.6119	-0.015122	-0.015122
3.612	-0.0062715	-0.0062715
3.6121	0.0077363	0.0077058
3.6123	-0.0011749	-0.0011444
3.6124	0.0038605	0.0038605
3.6125	-0.0091402	-0.0090791
3.6126	0.0019074	0.0019074
3.6128	0.014694	0.014694
3.6129	0.01442	0.014389
3.613	0.022171	0.022202
3.6131	-0.011276	-0.011276
3.6133	-0.034775	-0.034806
3.6134	-0.048508	-0.048508
3.6135	-0.042496	-0.042466
3.6136	0.010605	0.010575
3.6138	0.036973	0.036973
3.6139	0.036454	0.036454
3.614	-0.0056611	-0.0056306
3.6141	-0.063951	-0.06392
3.6143	-0.080583	-0.080583
3.6144	-0.076524	-0.076524
3.6145	-0.043626	-0.043656
3.6146	-0.021073	-0.021134
3.6148	0.0038605	0.0038911
3.6149	0.053086	0.053056
3.615	0.085649	0.085649
3.6151	0.10964	0.10967
3.6153	0.074052	0.074022
3.6154	-0.0023041	-0.0023041
3.6155	-0.063127	-0.063127
3.6156	-0.10842	-0.10838
3.6158	-0.08101	-0.08101
3.6159	-0.016983	-0.016983
3.616	0.055161	0.055161
3.6161	0.1097	0.1097
3.6163	0.089952	0.089952
3.6164	0.042008	0.042008
3.6165	-0.020432	-0.020432
3.6166	-0.050675	-0.050675
3.6168	-0.030716	-0.030716
3.6169	-0.0078584	-0.0078279
3.617	0.021653	0.021653
3.6171	0.017136	0.017166
3.6173	0.0042573	0.0042573
3.6174	0.0047761	0.0047456
3.6175	0.0024262	0.0023957
3.6176	0.014481	0.014481
3.6178	0.0095674	0.0095369
3.6179	0.0037995	0.0037995
3.618	0.00050355	0.00050355
3.6181	-0.0048066	-0.0048066
3.6183	0.0048371	0.0048066
3.6184	0.0070649	0.0070649
3.6185	0.014847	0.014878
3.6186	0.008011	0.0079805
3.6188	-0.018631	-0.018631
3.6189	-0.033066	-0.033066
3.619	-0.043961	-0.043961
3.6191	-0.021164	-0.021164
3.6193	0.015854	0.015854
3.6194	0.029343	0.029374
3.6195	0.021592	0.021592
3.6196	-0.023392	-0.023392
3.6198	-0.060716	-0.060716
3.6199	-0.074357	-0.074327
3.62	-0.073136	-0.073136
3.6201	-0.052903	-0.052873
3.6203	-0.028092	-0.028092
3.6204	0.025071	0.025101
3.6205	0.083268	0.083299
3.6206	0.11318	0.11318
3.6208	0.10088	0.10088
3.6209	0.027359	0.027359
3.621	-0.045762	-0.045762
3.6211	-0.093523	-0.093492
3.6213	-0.096818	-0.096788
3.6214	-0.042893	-0.042893
3.6215	0.019974	0.019974
3.6216	0.078752	0.078752
3.6218	0.092576	0.092576
3.6219	0.062272	0.062303
3.622	0.017807	0.017777
3.6221	-0.029191	-0.02916
3.6223	-0.035569	-0.035599
3.6224	-0.023972	-0.023972
3.6225	-0.0050813	-0.0050507
3.6226	0.011704	0.011673
3.6228	0.006363	0.0063325
3.6229	0.0099031	0.0098421
3.623	0.010513	0.010483
3.6231	0.013626	0.013596
3.6233	0.017838	0.017807
3.6234	0.0075837	0.0075837
3.6235	0.0048676	0.0048676
3.6236	-0.0038605	-0.0038605
3.6238	-0.0075227	-0.0075227
3.6239	0.0011444	0.0011444
3.624	0.0042878	0.0042573
3.6241	0.01088	0.01088
3.6243	0.00206	0.00206
3.6244	-0.016526	-0.016495
3.6245	-0.027176	-0.027146
3.6246	-0.030625	-0.030625
3.6248	-0.0077974	-0.0078279
3.6249	0.016342	0.016312
3.625	0.018418	0.018448
3.6251	-0.0031281	-0.0031281
3.6253	-0.041276	-0.041306
3.6254	-0.060777	-0.060777
3.6255	-0.063859	-0.063859
3.6256	-0.052415	-0.052415
3.6258	-0.034318	-0.034318
3.6259	-0.0081025	-0.0081331
3.626	0.04387	0.04387
3.6261	0.089189	0.089158
3.6263	0.10539	0.10539
3.6264	0.073075	0.073075
3.6265	7.6295e-05	7.6295e-05
3.6266	-0.063493	-0.063493
3.6268	-0.097032	-0.097063
3.6269	-0.077623	-0.077623
3.627	-0.018235	-0.018235
3.6271	0.044633	0.044633
3.6273	0.086351	0.08632
3.6274	0.08101	0.08101
3.6275	0.044999	0.044999
3.6276	0.0017243	0.0016938
3.6278	-0.025376	-0.025376
3.6279	-0.026596	-0.026627
3.628	-0.018387	-0.018387
3.6281	-0.0056916	-0.0056611
3.6283	-0.0011139	-0.0011139
3.6284	0.0030671	0.0030671
3.6285	0.013474	0.013443
3.6286	0.019883	0.019913
3.6288	0.023545	0.023545
3.6289	0.014603	0.014664
3.629	0.0022431	0.0022126
3.6291	-0.0061494	-0.0061189
3.6293	-0.012467	-0.012467
3.6294	-0.0031586	-0.0031586
3.6295	0.006424	0.006424
3.6296	0.012375	0.012375
3.6298	0.010117	0.010086
3.6299	-0.010056	-0.010025
3.63	-0.026627	-0.026658
3.6301	-0.033982	-0.033951
3.6303	-0.022538	-0.022538
3.6304	0.005417	0.0054475
3.6305	0.021317	0.021317
3.6306	0.014755	0.014755
3.6308	-0.016464	-0.016434
3.6309	-0.051743	-0.051743
3.631	-0.068925	-0.068925
3.6311	-0.06807	-0.06807
3.6313	-0.053788	-0.053788
3.6314	-0.025925	-0.025895
3.6315	0.020981	0.020981
3.6316	0.075486	0.075486
3.6318	0.10893	0.10893
3.6319	0.096086	0.096117
3.632	0.035691	0.035691
3.6321	-0.03975	-0.03975
3.6323	-0.090929	-0.090929
3.6324	-0.094102	-0.094102
3.6325	-0.050217	-0.050187
3.6326	0.015457	0.015488
3.6328	0.067704	0.067704
3.6329	0.085588	0.085618
3.633	0.067002	0.067002
3.6331	0.026169	0.026169
3.6333	-0.0081331	-0.0081331
3.6334	-0.026139	-0.026108
3.6335	-0.025986	-0.026047
3.6336	-0.012253	-0.012253
3.6338	-0.0024872	-0.0024872
3.6339	0.0067292	0.0067292
3.634	0.01564	0.01564
3.6341	0.018387	0.018357
3.6343	0.019699	0.01973
3.6344	0.011154	0.011154
3.6345	-0.00068666	-0.00065614
3.6346	-0.0066072	-0.0066072
3.6348	-0.0088655	-0.0088655
3.6349	0.0069123	0.0069123
3.635	0.019394	0.019364
3.6351	0.02211	0.02211
3.6353	0.013993	0.013962
3.6354	-0.015518	-0.015549
3.6355	-0.032242	-0.032181
3.6356	-0.03978	-0.03975
3.6358	-0.029648	-0.029648
3.6359	0.0016022	0.0016022
3.636	0.019974	0.019974
3.6361	0.028092	0.028122
3.6363	0.0031281	0.0030976
3.6364	-0.03743	-0.03743
3.6365	-0.064439	-0.064469
3.6366	-0.079057	-0.079057
3.6368	-0.062089	-0.062089
3.6369	-0.037247	-0.037247
3.637	-0.0020294	-0.0020294
3.6371	0.043656	0.043656
3.6373	0.075669	0.075669
3.6374	0.091325	0.091325
3.6375	0.066331	0.066361
3.6376	0.01091	0.01088
3.6378	-0.046098	-0.046128
3.6379	-0.084855	-0.084825
3.638	-0.077714	-0.077714
3.6381	-0.036881	-0.036881
3.6383	0.023209	0.023178
3.6384	0.07332	0.073289
3.6385	0.086809	0.086809
3.6386	0.067124	0.067124
3.6388	0.019516	0.019547
3.6389	-0.021958	-0.021927
3.639	-0.041062	-0.041032
3.6391	-0.03328	-0.03331
3.6393	-0.0059663	-0.0059663
3.6394	0.013809	0.01384
3.6395	0.023941	0.023941
3.6396	0.019791	0.01976
3.6398	0.010361	0.010391
3.6399	0.0072786	0.007248
3.64	0.0040131	0.0040436
3.6401	0.0060578	0.0060883
3.6403	0.0059358	0.0059358
3.6404	0.0024872	0.0025177
3.6405	0.0017548	0.0016938
3.6406	-7.6295e-05	-7.6295e-05
3.6408	0.0033417	0.0033417
3.6409	0.0025177	0.0025177
3.641	-0.0034638	-0.0034638
3.6411	-0.011582	-0.011521
3.6413	-0.021897	-0.021897
3.6414	-0.019211	-0.019242
3.6415	-0.0066377	-0.0066377
3.6416	0.011276	0.011276
3.6418	0.016342	0.016342
3.6419	-0.0045624	-0.004593
3.642	-0.036179	-0.036149
3.6421	-0.06453	-0.06453
3.6423	-0.068956	-0.068986
3.6424	-0.051347	-0.051377
3.6425	-0.025467	-0.025467
3.6426	0.0048066	0.0048371
3.6428	0.032395	0.032395
3.6429	0.058274	0.058244
3.643	0.071427	0.071458
3.6431	0.056565	0.056565
3.6433	0.016648	0.016678
3.6434	-0.035264	-0.035264
3.6435	-0.069352	-0.069383
3.6436	-0.068589	-0.06862
3.6438	-0.035294	-0.035264
3.6439	0.017594	0.017563
3.644	0.060258	0.060258
3.6441	0.076555	0.076555
3.6443	0.061906	0.061875
3.6444	0.025437	0.025437
3.6445	-0.010117	-0.010086
3.6446	-0.034226	-0.034226
3.6448	-0.034562	-0.034592
3.6449	-0.016739	-0.016739
3.645	0.0046845	0.004654
3.6451	0.023789	0.023789
3.6453	0.025772	0.025772
3.6454	0.018845	0.018784
3.6455	0.0099336	0.0099336
3.6456	0.002121	0.002121
3.6458	0.0063325	0.0063325
3.6459	0.007248	0.0072175
3.646	0.005539	0.0055695
3.6461	0.001236	0.0012665
3.6463	-0.0068208	-0.0068208
3.6464	-0.0045624	-0.004593
3.6465	-0.0018463	-0.0018158
3.6466	0.0019379	0.0019684
3.6468	-0.0013581	-0.0013581
3.6469	-0.013352	-0.013352
3.647	-0.01561	-0.01561
3.6471	-0.011276	-0.011307
3.6473	0.0051728	0.0052033
3.6474	0.014939	0.014939
3.6475	0.0017853	0.0017548
3.6476	-0.024491	-0.024521
3.6478	-0.056901	-0.056901
3.6479	-0.070542	-0.070542
3.648	-0.058946	-0.058946
3.6481	-0.032273	-0.032273
3.6483	0.0050202	0.0050507
3.6484	0.0374	0.0374
3.6485	0.060319	0.060319
3.6486	0.065293	0.065293
3.6488	0.042466	0.042496
3.6489	0.0068208	0.0067903
3.649	-0.031937	-0.031937
3.6491	-0.055772	-0.055772
3.6493	-0.052964	-0.052964
3.6494	-0.031693	-0.031662
3.6495	0.0073701	0.0073701
3.6496	0.04271	0.042679
3.6498	0.061631	0.061631
3.6499	0.06099	0.061021
3.65	0.033097	0.033097
3.6501	-0.0017548	-0.0017853
3.6503	-0.030228	-0.030259
3.6504	-0.037675	-0.037705
3.6505	-0.01976	-0.01976
3.6506	0.0036774	0.0036774
3.6508	0.023087	0.023056
3.6509	0.024674	0.024704
3.651	0.014054	0.014084
3.6511	0.005478	0.005478
3.6513	0.00074769	0.00071717
3.6514	0.0083467	0.0083162
3.6515	0.013809	0.013779
3.6516	0.011856	0.011856
3.6518	0.0061189	0.0061189
3.6519	-0.0066682	-0.0066987
3.652	-0.0093843	-0.0094148
3.6521	-0.0064546	-0.006424
3.6523	-0.0019379	-0.0019379
3.6524	0.0017853	0.0017853
3.6525	-0.007248	-0.007248
3.6526	-0.01207	-0.01207
3.6528	-0.010269	-0.010239
3.6529	-0.001236	-0.001236
3.653	0.0085908	0.0085908
3.6531	-0.00083925	-0.00086976
3.6533	-0.021317	-0.021286
3.6534	-0.047074	-0.047074
3.6535	-0.0598	-0.0598
3.6536	-0.047166	-0.047135
3.6538	-0.025681	-0.025711
3.6539	0.0038911	0.0038911
3.654	0.030137	0.030106
3.6541	0.045151	0.045151
3.6543	0.053178	0.053178
3.6544	0.037827	0.037858
3.6545	0.010941	0.01091
3.6546	-0.018082	-0.018112
3.6548	-0.043412	-0.043442
3.6549	-0.044114	-0.044114
3.655	-0.028428	-0.028428
3.6551	0.0024872	0.0024872
3.6553	0.036179	0.036179
3.6554	0.053666	0.053696
3.6555	0.055772	0.055772
3.6556	0.03212	0.032151
3.6558	0.00028992	0.0002594
3.6559	-0.024338	-0.024338
3.656	-0.033768	-0.033768
3.6561	-0.018265	-0.018235
3.6563	0.0017548	0.0017243
3.6564	0.018112	0.018112
3.6565	0.022049	0.02208
3.6566	0.011337	0.011337
3.6568	0.0031586	0.0031891
3.6569	-0.0023346	-0.0023957
3.657	0.0023346	0.0023041
3.6571	0.011887	0.011887
3.6573	0.012467	0.012497
3.6574	0.0079194	0.0079194
3.6575	-0.0056306	-0.0056611
3.6576	-0.013596	-0.013596
3.6578	-0.0093233	-0.0093233
3.6579	-0.0030671	-0.0030671
3.658	0.0013275	0.0013275
3.6581	-0.006424	-0.006424
3.6583	-0.014511	-0.014511
3.6584	-0.013687	-0.013718
3.6585	-0.0043183	-0.0043183
3.6586	0.0084077	0.0084382
3.6588	0.0033112	0.0032807
3.6589	-0.018479	-0.018509
3.659	-0.046799	-0.046769
3.6591	-0.061814	-0.061814
3.6593	-0.049668	-0.049699
3.6594	-0.024063	-0.024033
3.6595	0.01146	0.01146
3.6596	0.038621	0.038651
3.6598	0.051102	0.051133
3.6599	0.05037	0.050401
3.66	0.027939	0.027939
3.6601	0.0041352	0.0041657
3.6603	-0.020493	-0.020493
3.6604	-0.0374	-0.0374
3.6605	-0.032944	-0.032944
3.6606	-0.020493	-0.020493
3.6608	0.008957	0.008957
3.6609	0.037613	0.037613
3.661	0.052262	0.052262
3.6611	0.051591	0.051621
3.6613	0.024765	0.024796
3.6614	-0.0034028	-0.0034028
3.6615	-0.024063	-0.024063
3.6616	-0.026413	-0.026352
3.6618	-0.008011	-0.0079805
3.6619	0.0081941	0.0081941
3.662	0.020768	0.020768
3.6621	0.018509	0.018479
3.6623	0.0068818	0.0068513
3.6624	0.0019379	0.0019684
3.6625	-0.002182	-0.0021515
3.6626	0.0065156	0.0065156
3.6628	0.013199	0.013199
3.6629	0.010056	0.010056
3.663	0.004715	0.004715
3.6631	-0.010086	-0.010086
3.6633	-0.012375	-0.012375
3.6634	-0.0081941	-0.0082246
3.6635	-0.00383	-0.00383
3.6636	0.00035096	0.00035096
3.6638	-0.0095979	-0.0095979
3.6639	-0.01265	-0.01265
3.664	-0.010422	-0.010452
3.6641	-0.0023957	-0.0023957
3.6643	0.0059358	0.0059052
3.6644	-0.0083162	-0.0083467
3.6645	-0.029618	-0.029587
3.6646	-0.05211	-0.052079
3.6648	-0.057359	-0.057328
3.6649	-0.03859	-0.03859
3.665	-0.014359	-0.014389
3.6651	0.016464	0.016464
3.6653	0.034592	0.034592
3.6654	0.040696	0.040696
3.6655	0.037491	0.037491
3.6656	0.017838	0.017838
3.6658	0.00071717	0.00071717
3.6659	-0.018448	-0.018479
3.666	-0.029587	-0.029587
3.6661	-0.025101	-0.025071
3.6663	-0.013657	-0.013657
3.6664	0.013077	0.013077
3.6665	0.034867	0.034836
3.6666	0.0439	0.0439
3.6668	0.038621	0.03859
3.6669	0.015946	0.015976
3.667	-0.0028229	-0.0028229
3.6671	-0.01445	-0.01445
3.6673	-0.012314	-0.012345
3.6674	-0.00019837	-0.00019837
3.6675	0.0088045	0.008835
3.6676	0.01619	0.01619
3.6678	0.014389	0.014389
3.6679	0.0103	0.010269
3.668	0.0082246	0.0082246
3.6681	0.0045014	0.0045319
3.6683	0.0048371	0.0048371
3.6684	0.0034333	0.0034333
3.6685	0.0018463	0.0018463
3.6686	0.0017548	0.0017243
3.6688	-0.00019837	-0.00019837
3.6689	0.0010529	0.0010224
3.669	-0.00019837	-0.00022889
3.6691	-0.004654	-0.004654
3.6693	-0.010391	-0.010391
3.6694	-0.017044	-0.017075
3.6695	-0.014786	-0.014817
3.6696	-0.0066072	-0.0066072
3.6698	0.0021515	0.002121
3.6699	0.0026093	0.0026093
3.67	-0.013138	-0.013169
3.6701	-0.034836	-0.034806
3.6703	-0.050828	-0.050828
3.6704	-0.050797	-0.050797
3.6705	-0.032303	-0.032303
3.6706	-0.0038911	-0.0038605
3.6708	0.023636	0.023636
3.6709	0.03978	0.03975
3.671	0.038956	0.038987
3.6711	0.024094	0.024094
3.6713	0.0057527	0.0057527
3.6714	-0.0093538	-0.0093538
3.6715	-0.01915	-0.01915
3.6716	-0.0215	-0.02153
3.6718	-0.016312	-0.016373
3.6719	-0.00053407	-0.00053407
3.672	0.020859	0.020859
3.6721	0.037491	0.037491
3.6723	0.040635	0.040635
3.6724	0.025803	0.025803
3.6725	0.0033417	0.0033112
3.6726	-0.015	-0.01503
3.6728	-0.019425	-0.019455
3.6729	-0.008896	-0.008896
3.673	0.0059052	0.0059052
3.6731	0.018021	0.018021
3.6733	0.02034	0.02034
3.6734	0.016129	0.016129
3.6735	0.0089265	0.0089265
3.6736	0.00050355	0.00050355
3.6738	-0.0027314	-0.0027619
3.6739	-0.0048981	-0.0049287
3.674	-0.0024567	-0.0024567
3.6741	0.0020294	0.0019989
3.6743	0.0046845	0.004654
3.6744	0.0078279	0.0077974
3.6745	0.0038911	0.0038911
3.6746	-0.0025177	-0.0025177
3.6748	-0.011521	-0.011551
3.6749	-0.018479	-0.018479
3.675	-0.016312	-0.016312
3.6751	-0.010452	-0.010452
3.6753	-0.0012055	-0.0011749
3.6754	0.00032044	0.00028992
3.6755	-0.010178	-0.010178
3.6756	-0.026078	-0.026078
3.6758	-0.040482	-0.040452
3.6759	-0.041123	-0.041123
3.676	-0.029007	-0.028977
3.6761	-0.006302	-0.006302
3.6763	0.018265	0.018235
3.6764	0.032914	0.032883
3.6765	0.035111	0.035142
3.6766	0.022629	0.022629
3.6768	0.0065156	0.0065156
3.6769	-0.0066987	-0.0066987
3.677	-0.014664	-0.014694
3.6771	-0.01503	-0.01503
3.6773	-0.012284	-0.012314
3.6774	-0.001297	-0.001297
3.6775	0.01503	0.01503
3.6776	0.030381	0.030381
3.6778	0.036728	0.036728
3.6779	0.027176	0.027207
3.678	0.0087129	0.0086824
3.6781	-0.009659	-0.0096895
3.6783	-0.016373	-0.016342
3.6784	-0.01033	-0.010361
3.6785	0.00096132	0.00096132
3.6786	0.010819	0.010819
3.6788	0.013443	0.013474
3.6789	0.012863	0.012863
3.679	0.0094759	0.0095064
3.6791	0.0063325	0.006363
3.6793	0.0030976	0.0030976
3.6794	-0.0017853	-0.0017853
3.6795	-0.0038911	-0.0038911
3.6796	-0.0038911	-0.0038911
3.6798	0.00038148	0.00035096
3.6799	0.0068208	0.0068208
3.68	0.0077058	0.0077363
3.6801	0.0030671	0.0030976
3.6803	-0.0071565	-0.0071565
3.6804	-0.014969	-0.014969
3.6805	-0.015824	-0.015824
3.6806	-0.011978	-0.011978
3.6808	-0.0059663	-0.0059663
3.6809	-0.0085298	-0.0085603
3.681	-0.017136	-0.017136
3.6811	-0.028153	-0.028183
3.6813	-0.034409	-0.034409
3.6814	-0.029862	-0.029831
3.6815	-0.020279	-0.020279
3.6816	-0.0026093	-0.0026093
3.6818	0.013809	0.013809
3.6819	0.025406	0.025437
3.682	0.03035	0.030289
3.6821	0.019883	0.019883
3.6823	0.0052033	0.0052033
3.6824	-0.010452	-0.010452
3.6825	-0.018357	-0.018387
3.6826	-0.01326	-0.01326
3.6828	-0.0045624	-0.0045624
3.6829	0.0082856	0.0082856
3.683	0.01857	0.01857
3.6831	0.024399	0.024399
3.6833	0.025284	0.025284
3.6834	0.017655	0.017655
3.6835	0.0081025	0.008072
3.6836	-0.0013275	-0.0013581
3.6838	-0.0058442	-0.0058442
3.6839	-0.0040436	-0.0040436
3.684	-0.00071717	-0.00068666
3.6841	0.0040436	0.0040436
3.6843	0.0076143	0.0076143
3.6844	0.010849	0.010819
3.6845	0.013474	0.013474
3.6846	0.011521	0.011551
3.6848	0.0051423	0.0051118
3.6849	-0.0040436	-0.0040742
3.685	-0.010544	-0.010544
3.6851	-0.010025	-0.0099947
3.6853	-0.0027008	-0.0026703
3.6854	0.0065461	0.0065156
3.6855	0.010452	0.010483
3.6856	0.0066377	0.0066072
3.6858	-0.0023346	-0.0023957
3.6859	-0.011185	-0.011185
3.686	-0.014572	-0.014572
3.6861	-0.012741	-0.012741
3.6863	-0.010666	-0.010666
3.6864	-0.012741	-0.012741
3.6865	-0.02031	-0.02034
3.6866	-0.028153	-0.028153
3.6868	-0.029526	-0.029557
3.6869	-0.022446	-0.022477
3.687	-0.0084382	-0.0084688
3.6871	0.0068208	0.0068208
3.6873	0.018326	0.018357
3.6874	0.023667	0.023636
3.6875	0.021622	0.021592
3.6876	0.014267	0.014267
3.6878	0.0019074	0.0019074
3.6879	-0.010361	-0.010391
3.688	-0.016129	-0.016098
3.6881	-0.012497	-0.012467
3.6883	0.0024872	0.0024872
3.6884	0.017411	0.017411
3.6885	0.026505	0.026474
3.6886	0.026108	0.026108
3.6888	0.014359	0.014389
3.6889	0.003006	0.003006
3.689	-0.0049897	-0.0049592
3.6891	-0.0051728	-0.0051728
3.6893	0.0013581	0.0013886
3.6894	0.0055085	0.0055085
3.6895	0.0067903	0.0067903
3.6896	0.0027924	0.0027924
3.6898	-0.00010681	-0.00013733
3.6899	0.00206	0.00206
3.69	0.0065766	0.0065766
3.6901	0.011704	0.011704
3.6903	0.0084688	0.0084688
3.6904	-0.00038148	-0.00035096
3.6905	-0.0092622	-0.0092622
3.6906	-0.01387	-0.013901
3.6908	-0.0090791	-0.0091096
3.6909	-0.003006	-0.0030365
3.691	0.0022126	0.0022126
3.6911	0.002945	0.0029145
3.6913	-0.0011749	-0.0012055
3.6914	-0.0038911	-0.0038911
3.6915	-0.0072175	-0.007187
3.6916	-0.0088655	-0.0088655
3.6918	-0.011368	-0.011368
3.6919	-0.016709	-0.016678
3.692	-0.021988	-0.021958
3.6921	-0.025956	-0.025986
3.6923	-0.022599	-0.022629
3.6924	-0.01149	-0.011521
3.6925	0.0041047	0.0041352
3.6926	0.018112	0.018112
3.6928	0.023484	0.023484
3.6929	0.019913	0.019913
3.693	0.010086	0.010117
3.6931	0.0012055	0.0012055
3.6933	-0.0049592	-0.0049592
3.6934	-0.0075837	-0.0075837
3.6935	-0.0062409	-0.0062715
3.6936	-0.0017243	-0.0017243
3.6938	0.0086213	0.0086213
3.6939	0.019211	0.019211
3.694	0.025071	0.025071
3.6941	0.022049	0.022019
3.6943	0.009781	0.0098116
3.6944	-0.00383	-0.00383
3.6945	-0.01207	-0.01207
3.6946	-0.010025	-0.010025
3.6948	-0.00096132	-0.0009308
3.6949	0.0077974	0.0077668
3.695	0.010391	0.010361
3.6951	0.005539	0.0055695
3.6953	-0.00053407	-0.00053407
3.6954	-0.0037385	-0.003769
3.6955	-0.00053407	-0.00056458
3.6956	0.005417	0.0053864
3.6958	0.0069123	0.0068818
3.6959	0.0036469	0.0036164
3.696	-0.0037385	-0.0037385
3.6961	-0.0081025	-0.0081025
3.6963	-0.0085298	-0.0085603
3.6964	-0.0071565	-0.0071565
3.6965	-0.0046845	-0.0046845
3.6966	-0.0042878	-0.0042878
3.6968	-0.0026093	-0.0025788
3.6969	-0.0015106	-0.0015106
3.697	-0.0028534	-0.0028229
3.6971	-0.0064851	-0.0064546
3.6973	-0.013382	-0.013382
3.6974	-0.018875	-0.018906
3.6975	-0.020829	-0.020829
3.6976	-0.017929	-0.017929
3.6978	-0.0090181	-0.0090181
3.6979	0.0017548	0.0017853
3.698	0.012009	0.01207
3.6981	0.017075	0.017105
3.6983	0.01561	0.015579
3.6984	0.010178	0.010178
3.6985	0.0024872	0.0024567
3.6986	-0.0015717	-0.0016022
3.6988	-0.0017853	-0.0017853
3.6989	4.5777e-05	7.6295e-05
3.699	0.003006	0.003006
3.6991	0.0050202	0.0050507
3.6993	0.0093538	0.0093233
3.6994	0.014328	0.014298
3.6995	0.018051	0.018051
3.6996	0.017258	0.017258
3.6998	0.0093843	0.0094148
3.6999	-0.0005951	-0.00062562
3.7	-0.0095064	-0.0095064
3.7001	-0.011032	-0.011032
3.7003	-0.0059052	-0.0059052
3.7004	0.00074769	0.00077821
3.7005	0.0068208	0.0068208
3.7006	0.006363	0.006363
3.7008	0.0025788	0.0025483
3.7009	-0.0016327	-0.0016327
3.701	-0.0042573	-0.0042267
3.7011	-0.002182	-0.0021515
3.7013	-0.0010529	-0.0010224
3.7014	-0.0010834	-0.0010834
3.7015	-0.003006	-0.002945
3.7016	-0.0057221	-0.0057221
3.7018	-0.0061799	-0.0062104
3.7019	-0.0072175	-0.0072175
3.702	-0.007126	-0.0072175
3.7021	-0.0068208	-0.0068208
3.7023	-0.0066682	-0.0066682
3.7024	-0.0052033	-0.0052033
3.7025	-0.006363	-0.0063935
3.7026	-0.008957	-0.008957
3.7028	-0.011917	-0.011887
3.7029	-0.013535	-0.013535
3.703	-0.0093843	-0.0094148
3.7031	-0.0031586	-0.0031586
3.7033	0.0047456	0.004715
3.7034	0.011124	0.011124
3.7035	0.011948	0.011948
3.7036	0.010849	0.010849
3.7038	0.0069734	0.0069429
3.7039	0.0043793	0.0043793
3.704	0.00383	0.00383
3.7041	0.0033112	0.0033417
3.7043	0.0052338	0.0052033
3.7044	0.0062104	0.0062104
3.7045	0.0075532	0.0075532
3.7046	0.0081025	0.0081331
3.7048	0.0073701	0.0073701
3.7049	0.0084077	0.0084077
3.705	0.0092927	0.0092927
3.7051	0.011063	0.011063
3.7053	0.0095979	0.0095674
3.7054	0.0037385	0.0036774
3.7055	-0.0037079	-0.0036774
3.7056	-0.0103	-0.0103
3.7058	-0.010697	-0.010697
3.7059	-0.0059663	-0.0059663
3.706	0.00099184	0.00096132
3.7061	0.0062715	0.0062409
3.7063	0.0053559	0.0053864
3.7064	0.00071717	0.00068666
3.7065	-0.0053254	-0.0053559
3.7066	-0.0097505	-0.009781
3.7068	-0.010575	-0.010575
3.7069	-0.010025	-0.0099947
3.707	-0.0076448	-0.0076448
3.7071	-0.0053864	-0.0053864
3.7073	-0.0043488	-0.0043488
3.7074	-0.0043793	-0.0044099
3.7075	-0.0060578	-0.0060578
3.7076	-0.0073396	-0.0073396
3.7078	-0.0084077	-0.0084077
3.7079	-0.0083162	-0.0083467
3.708	-0.0075532	-0.0075532
3.7081	-0.0059358	-0.0059052
3.7083	-0.0031281	-0.0031281
3.7084	1.5259e-05	4.5777e-05
3.7085	0.002884	0.002884
3.7086	0.0041657	0.0041657
3.7088	0.0049897	0.0050202
3.7089	0.0057221	0.0057221
3.709	0.0066682	0.0066682
3.7091	0.0079194	0.00795
3.7093	0.007187	0.007187
3.7094	0.0062715	0.0062715
3.7095	0.0055085	0.0055085
3.7096	0.0055085	0.005478
3.7098	0.0068818	0.0068818
3.7099	0.0070649	0.0070649
3.71	0.0071565	0.007126
3.7101	0.005539	0.005539
3.7103	0.0037385	0.0037079
3.7104	0.0041657	0.0041352
3.7105	0.005417	0.0053864
3.7106	0.0076753	0.0076753
3.7108	0.0068818	0.0068818
3.7109	0.0017548	0.0017548
3.711	-0.0051423	-0.0051423
3.7111	-0.010391	-0.010391
3.7113	-0.0089876	-0.0089876
3.7114	-0.0034943	-0.0034943
3.7115	0.0023041	0.0023041
3.7116	0.0044099	0.0044099
3.7118	0.0014801	0.0014801
3.7119	-0.003006	-0.0030365
3.712	-0.0076143	-0.0076448
3.7121	-0.010025	-0.0099947
3.7123	-0.010758	-0.010758
3.7124	-0.010056	-0.010056
3.7125	-0.0079805	-0.008011
3.7126	-0.0051423	-0.0051423
3.7128	-0.0018158	-0.0018158
3.7129	-0.0009308	-0.0009308
3.713	-0.0020905	-0.0020905
3.7131	-0.0042267	-0.0042267
3.7133	-0.0051118	-0.0051118
3.7134	-0.0035248	-0.0035554
3.7135	-0.0010224	-0.0010529
3.7136	0.0018463	0.0018463
3.7138	0.0039521	0.0039521
3.7139	0.0052949	0.0052949
3.714	0.0053864	0.0053559
3.7141	0.0046235	0.004654
3.7143	0.004654	0.004654
3.7144	0.0049287	0.0049287
3.7145	0.0070649	0.0070344
3.7146	0.0084382	0.0084688
3.7148	0.0072786	0.0072786
3.7149	0.005417	0.0053864
3.715	0.0025788	0.0025788
3.7151	0.0019379	0.0019684
3.7153	0.0035554	0.0035248
3.7154	0.0055695	0.005539
3.7155	0.0067292	0.0067597
3.7156	0.0050507	0.0050813
3.7158	0.00206	0.00206
3.7159	-0.00080873	-0.00083925
3.716	-0.0014496	-0.0014801
3.7161	1.5259e-05	1.5259e-05
3.7163	0.001236	0.0012665
3.7164	-0.00016785	-0.00016785
3.7165	-0.0055695	-0.0055695
3.7166	-0.010636	-0.010605
3.7168	-0.011551	-0.011521
3.7169	-0.0075227	-0.0075532
3.717	-0.0014496	-0.0014496
3.7171	0.00083925	0.00083925
3.7173	-0.0015412	-0.0015412
3.7174	-0.0070649	-0.0070649
3.7175	-0.011643	-0.011612
3.7176	-0.0121	-0.012131
3.7178	-0.010025	-0.010025
3.7179	-0.0068818	-0.0068818
3.718	-0.0046235	-0.004593
3.7181	-0.0024262	-0.0024567
3.7183	0.0011139	0.0011139
3.7184	0.0041352	0.0041352
3.7185	0.0052033	0.0051728
3.7186	0.0035859	0.0036164
3.7188	0.00074769	0.00074769
3.7189	-0.00096132	-0.00099184
3.719	-0.00013733	-0.00013733
3.7191	0.0033417	0.0033417
3.7193	0.0074922	0.0074617
3.7194	0.010697	0.010697
3.7195	0.01149	0.01149
3.7196	0.010361	0.010361
3.7198	0.0084688	0.0084688
3.7199	0.0069734	0.0070039
3.72	0.0060578	0.0060273
3.7201	0.0052338	0.0052338
3.7203	0.00383	0.00383
3.7204	0.0019074	0.0019379
3.7205	0.001236	0.0012665
3.7206	0.0015106	0.0015412
3.7208	0.0034638	0.0034638
3.7209	0.0050507	0.0050507
3.721	0.0040131	0.0040131
3.7211	0.0013886	0.0013886
3.7213	-0.0033417	-0.0033417
3.7214	-0.0070954	-0.0070649
3.7215	-0.0081941	-0.0081636
3.7216	-0.0074922	-0.0074617
3.7218	-0.0043488	-0.0043183
3.7219	-0.0027008	-0.0027314
3.722	-0.0037995	-0.0037995
3.7221	-0.0068208	-0.0068208
3.7223	-0.010758	-0.010727
3.7224	-0.011124	-0.011124
3.7225	-0.0089876	-0.0089876
3.7226	-0.0058442	-0.0058442
3.7228	-0.0044709	-0.0044709
3.7229	-0.0068513	-0.0068208
3.723	-0.0091707	-0.0091707
3.7231	-0.010269	-0.010269
3.7233	-0.0075532	-0.0075837
3.7234	-0.0027008	-0.0026703
3.7235	0.00099184	0.00099184
3.7236	0.0047456	0.0047456
3.7238	0.0066987	0.0066987
3.7239	0.0079194	0.0079194
3.724	0.0079805	0.0079805
3.7241	0.005478	0.0055085
3.7243	0.00383	0.0037995
3.7244	0.0025788	0.0025483
3.7245	0.003769	0.0037385
3.7246	0.007187	0.007187
3.7248	0.0099641	0.0099336
3.7249	0.0121	0.0121
3.725	0.011185	0.011215
3.7251	0.0091707	0.0091402
3.7253	0.0076143	0.0076448
3.7254	0.006363	0.0063325
3.7255	0.0057221	0.0057527
3.7256	0.0040436	0.0040436
3.7258	0.0018158	0.0018158
3.7259	-0.00032044	-0.00035096
3.726	-0.001236	-0.001236
3.7261	-0.00019837	-0.00016785
3.7263	0.001236	0.001236
3.7264	0.0021515	0.0021515
3.7265	0.00050355	0.00053407
3.7266	-0.0027619	-0.0027619
3.7268	-0.0063325	-0.0063325
3.7269	-0.00972	-0.0096895
3.727	-0.010697	-0.010727
3.7271	-0.010727	-0.010727
3.7273	-0.0092012	-0.0092012
3.7274	-0.0065766	-0.0065461
3.7275	-0.0043793	-0.0043793
3.7276	-0.0031586	-0.0031586
3.7278	-0.0043793	-0.0043793
3.7279	-0.006302	-0.0062715
3.728	-0.0077058	-0.0076753
3.7281	-0.00795	-0.0079805
3.7283	-0.0067597	-0.0067597
3.7284	-0.0056306	-0.0056306
3.7285	-0.0045014	-0.0045319
3.7286	-0.0032807	-0.0033112
3.7288	-0.001297	-0.001297
3.7289	0.0019684	0.0019684
3.729	0.0050507	0.0050507
3.7291	0.0077058	0.0076753
3.7293	0.0090486	0.0090181
3.7294	0.0088045	0.0087739
3.7295	0.007248	0.007248
3.7296	0.0048981	0.0049287
3.7298	0.0036164	0.0036164
3.7299	0.0034943	0.0034638
3.73	0.0048371	0.0048066
3.7301	0.0066682	0.0066682
3.7303	0.008011	0.0080415
3.7304	0.0085908	0.0085908
3.7305	0.0078279	0.0078584
3.7306	0.0062104	0.0062104
3.7308	0.004593	0.004593
3.7309	0.0034028	0.0034028
3.731	0.0023957	0.0023957
3.7311	0.0009308	0.00096132
3.7313	-0.00090028	-0.00090028
3.7314	-0.0027924	-0.0027619
3.7315	-0.0036164	-0.0036469
3.7316	-0.0031586	-0.0031586
3.7318	-0.0016938	-0.0017243
3.7319	-0.00071717	-0.00074769
3.732	-0.0014496	-0.0014801
3.7321	-0.0038911	-0.0038605
3.7323	-0.0075837	-0.0075532
3.7324	-0.010636	-0.010605
3.7325	-0.011856	-0.011856
3.7326	-0.011215	-0.011246
3.7328	-0.0089876	-0.0089876
3.7329	-0.0060883	-0.0061189
3.733	-0.0032502	-0.0032502
3.7331	-0.0011444	-0.0011444
3.7333	-0.00019837	-0.00019837
3.7334	-0.00022889	-0.00019837
3.7335	-0.0013886	-0.0014496
3.7336	-0.0029145	-0.0029145
3.7338	-0.003769	-0.003769
3.7339	-0.0028534	-0.0028229
3.734	-0.0002594	-0.0002594
3.7341	0.0023346	0.0023346
3.7343	0.0046845	0.0046845
3.7344	0.0058137	0.0058442
3.7345	0.0066682	0.0066987
3.7346	0.0076448	0.0076143
3.7348	0.0081636	0.0081636
3.7349	0.00795	0.00795
3.735	0.0060883	0.0060883
3.7351	0.0040131	0.0040131
3.7353	0.0026093	0.0026093
3.7354	0.0027314	0.0027314
3.7355	0.0038605	0.0038911
3.7356	0.0044709	0.0045319
3.7358	0.004654	0.0046235
3.7359	0.003769	0.0037995
3.736	0.0030365	0.0030671
3.7361	0.0022736	0.0022736
3.7363	0.0013886	0.0013886
3.7364	0.00056458	0.00056458
3.7365	-0.00068666	-0.00068666
3.7366	-0.0023346	-0.0023346
3.7368	-0.0040742	-0.0040742
3.7369	-0.0053559	-0.0053559
3.737	-0.0056611	-0.0056611
3.7371	-0.0048066	-0.0048066
3.7373	-0.003769	-0.0037995
3.7374	-0.0029145	-0.0029145
3.7375	-0.0031891	-0.0031586
3.7376	-0.0043793	-0.0043793
3.7378	-0.0060578	-0.0060578
3.7379	-0.0078584	-0.0078279
3.738	-0.0084688	-0.0084688
3.7381	-0.0081331	-0.0081025
3.7383	-0.0062409	-0.0062715
3.7384	-0.0032502	-0.0032502
3.7385	-0.00077821	-0.00080873
3.7386	0.0017243	0.0016938
3.7388	0.0034943	0.0034943
3.7389	0.0039521	0.0039216
3.739	0.0035248	0.0035248
3.7391	0.0012665	0.0012665
3.7393	-0.00053407	-0.00053407
3.7394	-0.00065614	-0.00065614
3.7395	0.0014496	0.0014801
3.7396	0.0050507	0.0050202
3.7398	0.007248	0.007248
3.7399	0.0077974	0.0077974
3.74	0.0065766	0.0065766
3.7401	0.0052033	0.0051728
3.7403	0.0047761	0.0048066
3.7404	0.0044099	0.0044099
3.7405	0.0039826	0.0039826
3.7406	0.0027314	0.0027008
3.7408	0.0010834	0.0010529
3.7409	0.00041199	0.00038148
3.741	0.00019837	0.00019837
3.7411	0.00013733	0.00013733
3.7413	7.6295e-05	4.5777e-05
3.7414	-0.00028992	-0.00028992
3.7415	0.00010681	7.6295e-05
3.7416	0.00047303	0.00050355
3.7418	0.00013733	0.00010681
3.7419	-0.00065614	-0.00065614
3.742	-0.0025177	-0.0025177
3.7421	-0.0041657	-0.0041352
3.7423	-0.005417	-0.005417
3.7424	-0.0056306	-0.0056306
3.7425	-0.0043793	-0.0044099
3.7426	-0.0034333	-0.0034333
3.7428	-0.0025177	-0.0024872
3.7429	-0.0023651	-0.0023651
3.743	-0.0027619	-0.0027314
3.7431	-0.0025483	-0.0025177
3.7433	-0.0022126	-0.0022126
3.7434	-0.0017243	-0.0017243
3.7435	-0.0020294	-0.0020294
3.7436	-0.0027314	-0.0027619
3.7438	-0.0024872	-0.0024872
3.7439	-0.001236	-0.001236
3.744	0.0014191	0.0014191
3.7441	0.0039521	0.0039521
3.7443	0.0054475	0.0054475
3.7444	0.0053864	0.005417
3.7445	0.003769	0.003769
3.7446	0.0018463	0.0018463
3.7448	0.00010681	0.00013733
3.7449	1.5259e-05	1.5259e-05
3.745	0.001297	0.0012665
3.7451	0.0028534	0.002884
3.7453	0.0042878	0.0042878
3.7454	0.0042878	0.0043183
3.7455	0.003769	0.0037385
3.7456	0.0028229	0.0027924
3.7458	0.0022431	0.0022431
3.7459	0.0023957	0.0023957
3.746	0.0018769	0.0018769
3.7461	0.0012055	0.001236
3.7463	-0.00035096	-0.00035096
3.7464	-0.0017548	-0.0017243
3.7465	-0.0019074	-0.0019379
3.7466	-0.0016632	-0.0016632
3.7468	-0.0005951	-0.0005951
3.7469	4.5777e-05	1.5259e-05
3.747	0.00050355	0.00047303
3.7471	0.00056458	0.00056458
3.7473	-0.00028992	-0.00028992
3.7474	-0.001297	-0.001297
3.7475	-0.0026703	-0.0027008
3.7476	-0.0034333	-0.0034028
3.7478	-0.0033417	-0.0033417
3.7479	-0.0029145	-0.002945
3.748	-0.0018158	-0.0018463
3.7481	-0.0012055	-0.001236
3.7483	-0.00083925	-0.00086976
3.7484	-0.001297	-0.001297
3.7485	-0.0021515	-0.002182
3.7486	-0.0023346	-0.0023346
3.7488	-0.0018769	-0.0018769
3.7489	-0.00035096	-0.00038148
3.749	0.00019837	0.00016785
3.7491	-0.00047303	-0.00047303
3.7493	-0.0013275	-0.0013275
3.7494	-0.0019989	-0.0019989
3.7495	-0.00065614	-0.00065614
3.7496	0.0014496	0.0014801
3.7498	0.0034943	0.0034638
3.7499	0.0042267	0.0042267
3.75	0.0029145	0.0029145
3.7501	0.0010834	0.0010834
3.7503	-0.00080873	-0.00080873
3.7504	-0.0014496	-0.0014496
3.7505	-0.001297	-0.001297
3.7506	-0.00028992	-0.00028992
3.7508	0.001297	0.001297
3.7509	0.0023651	0.0023957
3.751	0.0032197	0.0032502
3.7511	0.0027924	0.0027619
3.7513	0.0015717	0.0016022
3.7514	0.00071717	0.00071717
3.7515	1.5259e-05	1.5259e-05
3.7516	0.00050355	0.00053407
3.7518	0.00086976	0.00090028
3.7519	0.00099184	0.00099184
3.752	0.0010834	0.0010834
3.7521	0.0005951	0.00056458
3.7523	0.00071717	0.00071717
3.7524	0.0009308	0.0009308
3.7525	0.0011139	0.0011139
3.7526	0.0011444	0.0011444
3.7528	1.5259e-05	-1.5259e-05
3.7529	-0.0014801	-0.0014801
3.753	-0.0027619	-0.0027924
3.7531	-0.0026398	-0.0026398
3.7533	-0.0012055	-0.0012055
3.7534	-7.6295e-05	-4.5777e-05
3.7535	0.00038148	0.00041199
3.7536	-0.00053407	-0.00056458
3.7538	-0.0016938	-0.0016938
3.7539	-0.0022126	-0.0022126
3.754	-0.0022126	-0.0022431
3.7541	-0.0017548	-0.0017853
3.7543	-0.0015412	-0.0015412
3.7544	-0.001297	-0.0012665
3.7545	-0.0009308	-0.0009308
3.7546	-0.00086976	-0.00083925
3.7548	-0.00086976	-0.00086976
3.7549	-0.0010529	-0.0010224
3.755	-0.0010224	-0.0010224
3.7551	-0.00062562	-0.0005951
3.7553	0.00044251	0.00044251
3.7554	0.0016938	0.0016938
3.7555	0.0025788	0.0026398
3.7556	0.0027314	0.0027314
3.7558	0.0019379	0.0019379
3.7559	0.0010224	0.0010224
3.756	0.00013733	0.00013733
3.7561	0.00019837	0.00019837
3.7563	0.00086976	0.00090028
3.7564	0.0015412	0.0015412
3.7565	0.00206	0.0020294
3.7566	0.0017853	0.0018158
3.7568	0.0016022	0.0016327
3.7569	0.0014801	0.0014496
3.757	0.0014496	0.0014496
3.7571	0.0020294	0.0020294
3.7573	0.0020294	0.0020294
3.7574	0.0019989	0.0019989
3.7575	0.0014496	0.0014496
3.7576	0.00050355	0.00050355
3.7578	-4.5777e-05	-4.5777e-05
3.7579	-0.00041199	-0.00041199
3.758	0.00016785	0.00013733
3.7581	0.00056458	0.0005951
3.7583	0.00010681	0.00010681
3.7584	-0.0013275	-0.0013275
3.7585	-0.0030671	-0.0030671
3.7586	-0.0037079	-0.0036774
3.7588	-0.0030365	-0.0030365
3.7589	-0.0015106	-0.0015106
3.759	-0.00050355	-0.00050355
3.7591	-0.0011444	-0.0011444
3.7593	-0.0026398	-0.0026398
3.7594	-0.0041047	-0.0041047
3.7595	-0.0044099	-0.0044099
3.7596	-0.0037079	-0.0036774
3.7598	-0.0024872	-0.0024872
3.7599	-0.0014496	-0.0014801
3.76	-0.00080873	-0.00077821
3.7601	-0.00044251	-0.00044251
3.7603	-0.00035096	-0.00038148
3.7604	-0.00047303	-0.00044251
3.7605	-0.00077821	-0.00071717
3.7606	-0.00080873	-0.00080873
3.7608	-0.00053407	-0.00053407
3.7609	0.00056458	0.0005951
3.761	0.0022431	0.0022736
3.7611	0.0038911	0.0038911
3.7613	0.0045014	0.0045014
3.7614	0.00383	0.00383
3.7615	0.0025788	0.0025788
3.7616	0.0013581	0.0013581
3.7618	0.00080873	0.00077821
3.7619	0.00090028	0.00090028
3.762	0.0014496	0.0014496
3.7621	0.0020905	0.002121
3.7623	0.0024567	0.0024262
3.7624	0.0024262	0.0023957
3.7625	0.0019379	0.0019379
3.7626	0.0013581	0.0013581
3.7628	0.0010224	0.0010224
3.7629	0.00077821	0.00074769
3.763	0.00068666	0.00068666
3.7631	0.00041199	0.00038148
3.7633	-0.00032044	-0.00032044
3.7634	-0.00068666	-0.00071717
3.7635	-0.00099184	-0.00096132
3.7636	-0.00090028	-0.00086976
3.7638	-0.00090028	-0.00090028
3.7639	-0.0015412	-0.0015106
3.764	-0.0019989	-0.0020294
3.7641	-0.0023346	-0.0023346
3.7643	-0.002121	-0.0020905
3.7644	-0.0016938	-0.0016938
3.7645	-0.0016327	-0.0016022
3.7646	-0.0017853	-0.0017853
3.7648	-0.0025483	-0.0025483
3.7649	-0.0032502	-0.0032502
3.765	-0.0032502	-0.0032502
3.7651	-0.0027619	-0.0027924
3.7653	-0.0016327	-0.0016327
3.7654	-0.00038148	-0.00038148
3.7655	0.00065614	0.00068666
3.7656	0.0014191	0.0014191
3.7658	0.0014191	0.0013886
3.7659	0.00096132	0.00099184
3.766	0.00016785	0.00016785
3.7661	-0.00022889	-0.00022889
3.7663	4.5777e-05	4.5777e-05
3.7664	0.0011749	0.0012055
3.7665	0.002884	0.0029145
3.7666	0.0040131	0.0040131
3.7668	0.0041352	0.0041047
3.7669	0.0030671	0.0030671
3.767	0.0016022	0.0016022
3.7671	0.00071717	0.00074769
3.7673	0.00047303	0.00047303
3.7674	0.00071717	0.00074769
3.7675	0.0010224	0.0010529
3.7676	0.00099184	0.00096132
3.7678	0.00080873	0.00083925
3.7679	0.00053407	0.00050355
3.768	0.00038148	0.00035096
3.7681	0.00028992	0.0002594
3.7683	7.6295e-05	4.5777e-05
3.7684	1.5259e-05	1.5259e-05
3.7685	-0.00041199	-0.00041199
3.7686	-0.00090028	-0.00090028
3.7688	-0.0014801	-0.0014801
3.7689	-0.0019989	-0.0019989
3.769	-0.0019989	-0.0019989
3.7691	-0.0018158	-0.0018158
3.7693	-0.0014801	-0.0014801
3.7694	-0.001297	-0.0013275
3.7695	-0.0012055	-0.0012055
3.7696	-0.0009308	-0.00090028
3.7698	-0.00086976	-0.00086976
3.7699	-0.0009308	-0.00090028
3.77	-0.00096132	-0.00096132
3.7701	-0.0010224	-0.0010224
3.7703	-0.00086976	-0.00080873
3.7704	-0.00086976	-0.00090028
3.7705	-0.00083925	-0.00080873
3.7706	-0.00053407	-0.00050355
3.7708	-0.00013733	-0.00010681
3.7709	0.0009308	0.0009308
3.771	0.0017548	0.0017243
3.7711	0.002121	0.0020905
3.7713	0.0019379	0.0019684
3.7714	0.00099184	0.00099184
3.7715	0.00038148	0.00038148
3.7716	-0.00016785	-0.00016785
3.7718	-4.5777e-05	-4.5777e-05
3.7719	0.00071717	0.00074769
3.772	0.0013581	0.0013581
3.7721	0.0019989	0.0020294
3.7723	0.0019379	0.0019074
3.7724	0.0012665	0.0012665
3.7725	0.00047303	0.00050355
3.7726	-0.00041199	-0.00041199
3.7728	-0.00065614	-0.00062562
3.7729	-0.00074769	-0.00074769
3.773	-0.00068666	-0.00065614
3.7731	-0.00038148	-0.00038148
3.7733	-0.00044251	-0.00047303
3.7734	-0.00022889	-0.00022889
3.7735	-0.00016785	-0.00016785
3.7736	-1.5259e-05	-4.5777e-05
3.7738	0.00016785	0.00019837
3.7739	0.00013733	0.00016785
3.774	0.00013733	0.00016785
3.7741	-0.00053407	-0.00047303
3.7743	-0.0015412	-0.0015106
3.7744	-0.0022736	-0.0022736
3.7745	-0.0024262	-0.0024567
3.7746	-0.0014801	-0.0015412
3.7748	-0.00041199	-0.00041199
3.7749	0.00016785	0.00016785
3.775	4.5777e-05	4.5777e-05
3.7751	-0.00065614	-0.00062562
3.7753	-0.0010834	-0.0010834
3.7754	-0.0010834	-0.0010834
3.7755	-0.00047303	-0.00047303
3.7756	0.00047303	0.00050355
3.7758	0.0010529	0.0010834
3.7759	0.0011444	0.0011749
3.776	0.00068666	0.00068666
3.7761	0.00038148	0.00038148
3.7763	0.00035096	0.00032044
3.7764	0.00065614	0.00062562
3.7765	0.0010224	0.0010529
3.7766	0.0010834	0.0010834
3.7768	0.0010834	0.0011139
3.7769	0.0011139	0.0011139
3.777	0.0011444	0.0011749
3.7771	0.0011444	0.0011444
3.7773	0.00080873	0.00080873
3.7774	0.00038148	0.00038148
3.7775	-0.00010681	-0.00010681
3.7776	-7.6295e-05	-4.5777e-05
3.7778	0.00050355	0.00047303
3.7779	0.0010224	0.0010224
3.778	0.001236	0.001236
